R4dNHC/data/bio/bio_18.asc
NCOLS 1249 
NROWS 465 
XLLCORNER -86.9583333333333 
YLLCORNER 33.5416666666667 
CELLSIZE 0.00833333333333333 
NODATA_value -3.4e+38 
[rows 410 to 450 of 465, columns 940 to 1033 of 1249]
438 438 439 439 439 440 440 440 441 441 441 441 441 441 441 442 442 442 443 442 442 442 443 442 442 444 444 444 444 444 445 444 444 444 444 444 444 446 447 447 447 448 448 448 449 449 450 450 450 451 452 452 452 452 453 454 454 454 454 455 456 456 456 457 458 458 459 460 460 460 460 461 462 462 464 464 464 465 467 466 466 466 468 469 469 470 470 470 471 472 472 472 473 474
439 439 439 441 441 441 440 440 441 442 442 442 442 442 441 442 442 442 443 443 442 442 443 444 444 443 444 444 444 444 444 444 445 445 445 446 446 446 446 446 447 449 449 449 449 449 450 450 451 451 452 452 453 453 454 454 454 454 455 456 456 456 456 458 458 458 460 460 460 460 461 462 462 463 463 464 464 465 466 466 466 468 468 468 470 470 469 470 471 472 472 473 473 473
440 440 440 441 441 441 442 442 442 443 443 442 442 442 443 443 442 443 443 444 444 443 443 444 444 444 444 445 446 446 446 446 446 446 446 446 446 447 447 448 448 448 449 449 451 451 451 451 451 452 453 453 453 454 454 455 455 455 455 456 456 457 457 458 458 459 460 460 461 461 461 462 463 463 463 465 465 465 466 467 468 468 469 469 469 470 469 471 471 470 471 473 473 474
440 440 440 441 442 442 442 442 442 442 444 444 444 443 443 444 444 444 443 443 444 444 445 445 445 445 445 445 445 445 446 446 446 447 447 447 447 448 448 448 448 449 450 451 451 451 451 452 452 453 453 453 454 455 455 455 455 455 455 457 457 457 457 459 459 459 460 461 461 461 463 463 463 463 464 466 465 465 467 468 468 469 469 469 469 468 468 470 470 470 471 473 474 474
440 441 442 442 442 443 444 443 443 443 443 443 444 444 444 443 444 445 445 445 446 444 445 445 445 446 446 445 446 446 446 447 447 447 447 448 448 449 449 449 449 449 450 451 452 452 452 452 453 453 454 454 454 455 455 455 455 456 457 457 457 457 458 459 459 460 460 461 461 462 462 463 463 464 464 464 467 467 467 467 469 469 469 468 468 469 470 471 472 472 471 471 474 475
442 442 442 442 443 443 444 444 444 444 444 443 443 444 445 445 445 446 445 445 445 445 446 446 446 446 446 447 447 447 447 447 448 449 449 449 449 449 449 449 450 451 451 452 452 452 452 453 454 454 454 454 454 455 456 456 456 456 457 458 458 458 458 459 460 460 460 461 462 462 462 464 464 464 464 465 467 467 467 468 468 468 469 469 469 470 472 472 472 472 473 472 473 475
442 443 443 443 443 443 444 445 445 445 445 445 445 446 445 445 445 445 447 447 446 446 446 447 447 447 446 447 448 448 448 448 448 449 449 449 449 450 451 451 451 451 451 452 452 453 453 454 454 454 454 455 456 456 456 456 456 457 458 458 458 458 458 460 460 460 460 461 462 462 463 464 464 464 465 465 465 467 468 468 468 469 470 470 471 471 471 472 472 473 473 472 474 475
443 444 444 444 444 445 445 445 446 445 445 445 445 445 447 447 446 446 446 447 447 447 446 447 448 448 448 449 449 449 449 448 448 449 450 450 451 451 451 451 451 452 452 452 454 454 454 454 454 455 455 456 456 456 456 457 457 458 458 458 458 459 459 460 460 460 461 462 462 463 463 463 466 465 465 465 465 467 468 468 469 470 470 471 471 471 472 473 473 473 472 473 474 474
444 444 445 445 445 445 445 445 445 447 447 447 447 446 446 447 447 447 448 448 448 448 448 448 449 448 448 448 450 450 450 450 450 450 451 451 451 451 452 452 452 452 452 453 454 454 455 455 455 455 455 456 456 457 457 457 457 459 459 459 459 459 459 461 461 461 461 463 463 463 465 464 465 465 467 467 467 467 468 469 469 470 471 471 471 472 472 472 473 474 474 473 474 475
445 445 445 445 445 446 446 446 446 446 447 447 447 447 447 447 448 448 448 448 449 448 448 448 450 450 450 450 450 450 450 450 450 450 451 452 452 452 452 452 452 452 454 454 454 454 454 454 455 456 457 456 456 457 457 458 459 459 459 459 459 460 461 461 461 461 462 462 463 465 465 466 467 467 467 467 467 469 469 469 469 470 471 472 472 472 472 472 473 474 474 474 475 475
445 446 446 447 447 447 447 447 447 447 448 449 448 448 448 448 449 449 448 449 449 450 450 449 450 450 450 450 450 452 452 451 451 451 451 451 451 452 452 454 454 454 454 454 454 454 454 455 456 457 456 456 456 458 458 459 459 459 460 460 460 461 461 462 462 462 462 462 464 465 465 466 467 467 467 467 468 468 469 470 470 470 470 472 472 472 473 473 473 473 -3.4e+38 475 475 -3.4e+38
445 446 447 447 447 447 447 447 448 448 448 448 449 449 449 449 449 450 450 449 449 450 450 450 452 452 451 451 451 452 452 452 452 452 452 453 453 454 454 454 454 454 454 454 455 455 455 456 456 457 457 457 458 458 458 459 460 460 460 460 460 462 462 462 462 462 463 464 464 464 466 466 465 465 468 468 468 468 470 470 470 470 471 471 472 473 473 -3.4e+38 473 474 474 475 -3.4e+38 -3.4e+38
446 446 446 446 447 448 448 449 449 448 448 449 449 450 450 450 450 449 450 450 451 452 451 451 451 452 452 451 451 451 451 452 453 453 453 453 453 453 453 454 455 455 455 455 455 455 456 457 457 458 458 458 458 458 459 460 460 460 461 461 462 462 462 462 463 463 465 465 464 465 465 465 467 466 468 468 468 469 469 470 471 471 -3.4e+38 471 471 472 473 -3.4e+38 -3.4e+38 -3.4e+38 -3.4e+38 -3.4e+38 -3.4e+38 -3.4e+38
446 446 447 448 448 448 448 448 449 450 450 450 450 450 450 451 451 451 452 451 451 452 452 451 451 451 452 452 453 453 452 452 453 453 453 453 454 454 454 455 455 455 455 455 457 457 457 457 457 457 458 458 458 459 460 460 460 461 461 461 462 463 463 463 463 463 463 464 465 465 465 466 466 467 467 468 -3.4e+38 468 468 468 469 470 471 -3.4e+38 -3.4e+38 -3.4e+38 -3.4e+38 -3.4e+38 -3.4e+38 -3.4e+38 -3.4e+38 -3.4e+38 -3.4e+38 -3.4e+38
447 448 448 448 448 449 449 449 449 449 450 451 451 451 451 451 451 451 452 452 452 452 453 453 453 452 452 453 453 453 453 453 455 455 454 454 454 454 454 455 456 457 457 457 457 457 457 458 458 459 459 459 459 460 461 461 461 461 461 461 463 463 463 463 463 463 464 465 465 466 466 466 -3.4e+38 466 467 468 468 468 469 -3.4e+38 -3.4e+38 -3.4e+38 -3.4e+38 -3.4e+38 -3.4e+38 -3.4e+38 -3.4e+38 -3.4e+38 -3.4e+38 -3.4e+38 -3.4e+38 -3.4e+38 -3.4e+38 -3.4e+38
448 448 448 449 449 450 450 450 451 451 451 452 452 451 451 453 453 452 453 453 453 453 453 453 453 453 453 453 454 454 454 454 455 455 455 455 455 456 456 457 457 457 457 457 457 458 458 458 459 459 459 461 461 461 461 461 461 461 461 462 462 463 -3.4e+38 464 464 464 -3.4e+38 467 466 466 466 466 467 467 467 468 -3.4e+38 -3.4e+38 -3.4e+38 -3.4e+38 -3.4e+38 -3.4e+38 -3.4e+38 -3.4e+38 -3.4e+38 -3.4e+38 -3.4e+38 -3.4e+38 -3.4e+38 -3.4e+38 -3.4e+38 -3.4e+38 -3.4e+38 -3.4e+38
448 449 449 449 450 450 451 451 451 451 451 452 453 453 453 453 453 453 452 453 453 454 455 454 454 454 454 455 454 454 454 454 455 456 456 456 456 456 457 457 457 458 458 458 458 458 458 458 459 460 460 461 461 461 461 461 461 461 462 462 462 464 464 464 465 465 465 466 466 466 467 467 467 -3.4e+38 -3.4e+38 -3.4e+38 -3.4e+38 -3.4e+38 -3.4e+38 -3.4e+38 -3.4e+38 -3.4e+38 -3.4e+38 -3.4e+38 -3.4e+38 -3.4e+38 -3.4e+38 -3.4e+38 -3.4e+38 -3.4e+38 -3.4e+38 -3.4e+38 -3.4e+38 -3.4e+38
449 449 449 450 450 451 451 452 452 452 453 453 453 453 453 453 453 454 454 454 454 454 454 455 454 454 454 455 456 456 455 455 456 456 456 456 456 457 457 458 458 458 458 458 458 458 460 460 460 461 461 461 461 462 462 461 462 462 462 464 464 464 465 465 465 465 465 466 -3.4e+38 -3.4e+38 467 -3.4e+38 -3.4e+38 -3.4e+38 -3.4e+38 -3.4e+38 -3.4e+38 -3.4e+38 -3.4e+38 -3.4e+38 -3.4e+38 -3.4e+38 -3.4e+38 -3.4e+38 -3.4e+38 -3.4e+38 -3.4e+38 -3.4e+38 -3.4e+38 -3.4e+38 -3.4e+38 -3.4e+38 -3.4e+38 -3.4e+38
449 449 451 451 451 451 452 452 453 453 453 453 455 454 454 454 455 454 454 455 455 454 454 455 456 455 455 456 456 456 456 456 457 456 457 457 457 458 458 458 458 458 459 459 459 459 461 461 462 462 462 462 462 462 462 462 462 463 463 464 464 464 465 465 465 -3.4e+38 -3.4e+38 -3.4e+38 -3.4e+38 467 -3.4e+38 -3.4e+38 -3.4e+38 -3.4e+38 -3.4e+38 -3.4e+38 -3.4e+38 -3.4e+38 -3.4e+38 -3.4e+38 -3.4e+38 -3.4e+38 -3.4e+38 -3.4e+38 -3.4e+38 -3.4e+38 -3.4e+38 -3.4e+38 -3.4e+38 -3.4e+38 -3.4e+38 -3.4e+38 -3.4e+38 -3.4e+38
450 451 451 451 451 453 453 453 454 454 454 454 455 455 454 454 455 454 454 456 456 455 455 456 456 456 455 456 456 456 457 458 458 458 458 458 458 458 460 460 459 459 459 460 460 460 462 462 462 462 462 462 462 462 462 463 463 463 463 463 465 465 -3.4e+38 -3.4e+38 -3.4e+38 -3.4e+38 -3.4e+38 -3.4e+38 -3.4e+38 -3.4e+38 -3.4e+38 -3.4e+38 -3.4e+38 -3.4e+38 -3.4e+38 -3.4e+38 -3.4e+38 -3.4e+38 -3.4e+38 -3.4e+38 -3.4e+38 -3.4e+38 -3.4e+38 -3.4e+38 -3.4e+38 -3.4e+38 -3.4e+38 -3.4e+38 -3.4e+38 -3.4e+38 -3.4e+38 -3.4e+38 -3.4e+38 -3.4e+38
451 451 451 452 453 453 453 453 454 455 454 454 455 455 455 456 456 456 455 456 456 456 455 456 456 456 457 458 457 457 457 458 458 458 458 458 459 459 460 460 460 460 460 461 461 461 462 462 462 462 462 462 462 462 462 463 463 463 464 -3.4e+38 -3.4e+38 -3.4e+38 -3.4e+38 -3.4e+38 -3.4e+38 -3.4e+38 -3.4e+38 -3.4e+38 -3.4e+38 -3.4e+38 -3.4e+38 -3.4e+38 -3.4e+38 -3.4e+38 -3.4e+38 -3.4e+38 -3.4e+38 -3.4e+38 -3.4e+38 -3.4e+38 -3.4e+38 -3.4e+38 -3.4e+38 -3.4e+38 -3.4e+38 -3.4e+38 -3.4e+38 -3.4e+38 -3.4e+38 -3.4e+38 -3.4e+38 -3.4e+38 -3.4e+38 -3.4e+38
451 452 452 453 453 454 454 454 455 455 455 455 456 456 456 456 456 456 456 456 457 457 458 458 457 457 458 458 458 458 457 457 459 459 459 459 459 460 460 461 461 461 461 461 461 461 462 463 463 463 463 463 463 463 463 -3.4e+38 -3.4e+38 -3.4e+38 -3.4e+38 -3.4e+38 -3.4e+38 -3.4e+38 -3.4e+38 -3.4e+38 -3.4e+38 -3.4e+38 -3.4e+38 -3.4e+38 -3.4e+38 -3.4e+38 -3.4e+38 -3.4e+38 -3.4e+38 -3.4e+38 -3.4e+38 -3.4e+38 -3.4e+38 -3.4e+38 -3.4e+38 -3.4e+38 -3.4e+38 -3.4e+38 -3.4e+38 -3.4e+38 -3.4e+38 -3.4e+38 -3.4e+38 -3.4e+38 -3.4e+38 -3.4e+38 -3.4e+38 -3.4e+38 -3.4e+38 -3.4e+38
452 452 452 453 454 454 454 455 456 456 456 456 456 456 457 456 456 457 458 457 457 457 458 458 457 457 459 459 459 459 459 459 459 459 459 459 461 461 461 461 461 461 461 461 461 461 462 463 463 463 463 463 463 -3.4e+38 -3.4e+38 -3.4e+38 -3.4e+38 -3.4e+38 -3.4e+38 -3.4e+38 -3.4e+38 -3.4e+38 -3.4e+38 -3.4e+38 -3.4e+38 -3.4e+38 -3.4e+38 -3.4e+38 -3.4e+38 -3.4e+38 -3.4e+38 -3.4e+38 -3.4e+38 -3.4e+38 -3.4e+38 -3.4e+38 -3.4e+38 -3.4e+38 -3.4e+38 -3.4e+38 -3.4e+38 -3.4e+38 -3.4e+38 -3.4e+38 -3.4e+38 -3.4e+38 -3.4e+38 -3.4e+38 -3.4e+38 -3.4e+38 -3.4e+38 -3.4e+38 -3.4e+38 -3.4e+38
453 453 454 453 454 454 454 455 455 456 457 456 456 457 456 456 457 458 458 457 457 457 459 459 459 458 459 459 459 459 459 460 461 460 460 460 461 461 461 461 461 461 461 461 462 462 462 463 463 463 -3.4e+38 -3.4e+38 -3.4e+38 -3.4e+38 -3.4e+38 -3.4e+38 -3.4e+38 -3.4e+38 -3.4e+38 -3.4e+38 -3.4e+38 -3.4e+38 -3.4e+38 -3.4e+38 -3.4e+38 -3.4e+38 -3.4e+38 -3.4e+38 -3.4e+38 -3.4e+38 -3.4e+38 -3.4e+38 -3.4e+38 -3.4e+38 -3.4e+38 -3.4e+38 -3.4e+38 -3.4e+38 -3.4e+38 -3.4e+38 -3.4e+38 -3.4e+38 -3.4e+38 -3.4e+38 -3.4e+38 -3.4e+38 -3.4e+38 -3.4e+38 -3.4e+38 -3.4e+38 -3.4e+38 -3.4e+38 -3.4e+38 -3.4e+38
453 454 454 453 454 454 455 455 455 456 457 457 457 457 456 456 458 458 458 458 458 459 459 459 459 459 459 459 460 460 460 461 461 461 461 460 461 461 461 462 462 462 462 462 462 462 462 463 -3.4e+38 -3.4e+38 -3.4e+38 -3.4e+38 -3.4e+38 -3.4e+38 -3.4e+38 -3.4e+38 -3.4e+38 -3.4e+38 -3.4e+38 -3.4e+38 -3.4e+38 -3.4e+38 -3.4e+38 -3.4e+38 -3.4e+38 -3.4e+38 -3.4e+38 -3.4e+38 -3.4e+38 -3.4e+38 -3.4e+38 -3.4e+38 -3.4e+38 -3.4e+38 -3.4e+38 -3.4e+38 -3.4e+38 -3.4e+38 -3.4e+38 -3.4e+38 -3.4e+38 -3.4e+38 -3.4e+38 -3.4e+38 -3.4e+38 -3.4e+38 -3.4e+38 -3.4e+38 -3.4e+38 -3.4e+38 -3.4e+38 -3.4e+38 -3.4e+38 -3.4e+38
454 454 454 454 455 456 456 456 457 457 457 457 458 458 457 457 458 458 459 458 458 459 459 459 460 461 460 460 460 460 460 461 461 461 462 462 463 462 462 462 462 462 462 463 463 463 -3.4e+38 -3.4e+38 -3.4e+38 -3.4e+38 -3.4e+38 -3.4e+38 -3.4e+38 -3.4e+38 -3.4e+38 -3.4e+38 -3.4e+38 -3.4e+38 -3.4e+38 -3.4e+38 -3.4e+38 -3.4e+38 -3.4e+38 -3.4e+38 -3.4e+38 -3.4e+38 -3.4e+38 -3.4e+38 -3.4e+38 -3.4e+38 -3.4e+38 -3.4e+38 -3.4e+38 -3.4e+38 -3.4e+38 -3.4e+38 -3.4e+38 -3.4e+38 -3.4e+38 -3.4e+38 -3.4e+38 -3.4e+38 -3.4e+38 -3.4e+38 -3.4e+38 -3.4e+38 -3.4e+38 -3.4e+38 -3.4e+38 -3.4e+38 -3.4e+38 -3.4e+38 -3.4e+38 -3.4e+38
454 454 455 455 455 456 457 457 457 457 457 458 458 458 457 458 459 459 459 459 459 459 460 460 460 461 461 460 460 460 461 462 462 462 462 462 463 462 462 462 462 463 463 463 -3.4e+38 -3.4e+38 -3.4e+38 -3.4e+38 -3.4e+38 -3.4e+38 -3.4e+38 -3.4e+38 -3.4e+38 -3.4e+38 -3.4e+38 -3.4e+38 -3.4e+38 -3.4e+38 -3.4e+38 -3.4e+38 -3.4e+38 -3.4e+38 -3.4e+38 -3.4e+38 -3.4e+38 -3.4e+38 -3.4e+38 -3.4e+38 -3.4e+38 -3.4e+38 -3.4e+38 -3.4e+38 -3.4e+38 -3.4e+38 -3.4e+38 -3.4e+38 -3.4e+38 -3.4e+38 -3.4e+38 -3.4e+38 -3.4e+38 -3.4e+38 -3.4e+38 -3.4e+38 -3.4e+38 -3.4e+38 -3.4e+38 -3.4e+38 -3.4e+38 -3.4e+38 -3.4e+38 -3.4e+38 -3.4e+38 -3.4e+38
453 455 455 455 455 456 456 457 457 457 458 459 459 458 459 459 459 459 459 460 460 460 460 460 460 461 460 460 461 461 462 462 462 462 462 462 462 462 462 463 463 463 463 -3.4e+38 -3.4e+38 -3.4e+38 -3.4e+38 -3.4e+38 -3.4e+38 -3.4e+38 -3.4e+38 -3.4e+38 -3.4e+38 -3.4e+38 -3.4e+38 -3.4e+38 -3.4e+38 -3.4e+38 -3.4e+38 -3.4e+38 -3.4e+38 -3.4e+38 -3.4e+38 -3.4e+38 -3.4e+38 -3.4e+38 -3.4e+38 -3.4e+38 -3.4e+38 -3.4e+38 -3.4e+38 -3.4e+38 -3.4e+38 -3.4e+38 -3.4e+38 -3.4e+38 -3.4e+38 -3.4e+38 -3.4e+38 -3.4e+38 -3.4e+38 -3.4e+38 -3.4e+38 -3.4e+38 -3.4e+38 -3.4e+38 -3.4e+38 -3.4e+38 -3.4e+38 -3.4e+38 -3.4e+38 -3.4e+38 -3.4e+38 -3.4e+38
454 454 455 455 456 456 456 456 457 459 459 458 458 458 459 459 459 460 461 460 460 460 460 460 461 461 462 461 461 462 462 462 462 462 463 463 463 464 463 463 463 -3.4e+38 -3.4e+38 -3.4e+38 -3.4e+38 -3.4e+38 -3.4e+38 -3.4e+38 -3.4e+38 -3.4e+38 -3.4e+38 -3.4e+38 -3.4e+38 -3.4e+38 -3.4e+38 -3.4e+38 -3.4e+38 -3.4e+38 -3.4e+38 -3.4e+38 -3.4e+38 -3.4e+38 -3.4e+38 -3.4e+38 -3.4e+38 -3.4e+38 -3.4e+38 -3.4e+38 -3.4e+38 -3.4e+38 -3.4e+38 -3.4e+38 -3.4e+38 -3.4e+38 -3.4e+38 -3.4e+38 -3.4e+38 -3.4e+38 -3.4e+38 -3.4e+38 -3.4e+38 -3.4e+38 -3.4e+38 -3.4e+38 -3.4e+38 -3.4e+38 -3.4e+38 -3.4e+38 -3.4e+38 -3.4e+38 -3.4e+38 -3.4e+38 -3.4e+38 -3.4e+38
455 455 456 456 457 457 458 458 458 458 458 458 458 459 460 460 460 460 460 460 460 460 460 461 461 462 461 461 461 462 462 462 462 463 463 464 464 464 464 464 -3.4e+38 -3.4e+38 -3.4e+38 -3.4e+38 -3.4e+38 -3.4e+38 -3.4e+38 -3.4e+38 -3.4e+38 -3.4e+38 -3.4e+38 -3.4e+38 -3.4e+38 -3.4e+38 -3.4e+38 -3.4e+38 -3.4e+38 -3.4e+38 -3.4e+38 -3.4e+38 -3.4e+38 -3.4e+38 -3.4e+38 -3.4e+38 -3.4e+38 -3.4e+38 -3.4e+38 -3.4e+38 -3.4e+38 -3.4e+38 -3.4e+38 -3.4e+38 -3.4e+38 -3.4e+38 -3.4e+38 -3.4e+38 -3.4e+38 -3.4e+38 -3.4e+38 -3.4e+38 -3.4e+38 -3.4e+38 -3.4e+38 -3.4e+38 -3.4e+38 -3.4e+38 -3.4e+38 -3.4e+38 -3.4e+38 -3.4e+38 -3.4e+38 -3.4e+38 -3.4e+38 -3.4e+38
455 456 456 456 457 458 458 458 458 458 459 459 459 460 460 460 460 460 460 460 460 460 461 462 462 462 461 461 461 463 463 463 463 463 463 463 464 465 -3.4e+38 -3.4e+38 -3.4e+38 -3.4e+38 -3.4e+38 -3.4e+38 -3.4e+38 -3.4e+38 -3.4e+38 -3.4e+38 -3.4e+38 -3.4e+38 -3.4e+38 -3.4e+38 -3.4e+38 -3.4e+38 -3.4e+38 -3.4e+38 -3.4e+38 -3.4e+38 -3.4e+38 -3.4e+38 -3.4e+38 -3.4e+38 -3.4e+38 -3.4e+38 -3.4e+38 -3.4e+38 -3.4e+38 -3.4e+38 -3.4e+38 -3.4e+38 -3.4e+38 -3.4e+38 -3.4e+38 -3.4e+38 -3.4e+38 -3.4e+38 -3.4e+38 -3.4e+38 -3.4e+38 -3.4e+38 -3.4e+38 -3.4e+38 -3.4e+38 -3.4e+38 -3.4e+38 -3.4e+38 -3.4e+38 -3.4e+38 -3.4e+38 -3.4e+38 -3.4e+38 -3.4e+38 -3.4e+38 -3.4e+38
456 456 456 456 457 458 458 458 459 459 459 459 460 460 460 461 461 462 461 461 461 461 462 462 462 462 461 462 462 463 463 463 463 463 464 464 465 -3.4e+38 -3.4e+38 -3.4e+38 -3.4e+38 -3.4e+38 -3.4e+38 -3.4e+38 -3.4e+38 -3.4e+38 -3.4e+38 -3.4e+38 -3.4e+38 -3.4e+38 -3.4e+38 -3.4e+38 -3.4e+38 -3.4e+38 -3.4e+38 -3.4e+38 -3.4e+38 -3.4e+38 -3.4e+38 -3.4e+38 -3.4e+38 -3.4e+38 -3.4e+38 -3.4e+38 -3.4e+38 -3.4e+38 -3.4e+38 -3.4e+38 -3.4e+38 -3.4e+38 -3.4e+38 -3.4e+38 -3.4e+38 -3.4e+38 -3.4e+38 -3.4e+38 -3.4e+38 -3.4e+38 -3.4e+38 -3.4e+38 -3.4e+38 -3.4e+38 -3.4e+38 -3.4e+38 -3.4e+38 -3.4e+38 -3.4e+38 -3.4e+38 -3.4e+38 -3.4e+38 -3.4e+38 -3.4e+38 -3.4e+38 -3.4e+38
455 456 456 457 457 457 457 459 459 459 460 460 460 461 461 461 462 461 461 461 461 461 462 463 463 463 462 462 463 463 463 463 464 464 464 -3.4e+38 -3.4e+38 -3.4e+38 -3.4e+38 -3.4e+38 -3.4e+38 -3.4e+38 -3.4e+38 -3.4e+38 -3.4e+38 -3.4e+38 -3.4e+38 -3.4e+38 -3.4e+38 -3.4e+38 -3.4e+38 -3.4e+38 -3.4e+38 -3.4e+38 -3.4e+38 -3.4e+38 -3.4e+38 -3.4e+38 -3.4e+38 -3.4e+38 -3.4e+38 -3.4e+38 -3.4e+38 -3.4e+38 -3.4e+38 -3.4e+38 -3.4e+38 -3.4e+38 -3.4e+38 -3.4e+38 -3.4e+38 -3.4e+38 -3.4e+38 -3.4e+38 -3.4e+38 -3.4e+38 -3.4e+38 -3.4e+38 -3.4e+38 -3.4e+38 -3.4e+38 -3.4e+38 -3.4e+38 -3.4e+38 -3.4e+38 -3.4e+38 -3.4e+38 -3.4e+38 -3.4e+38 -3.4e+38 -3.4e+38 -3.4e+38 -3.4e+38 -3.4e+38
455 456 458 458 458 459 459 459 459 460 460 460 461 461 461 461 461 461 461 462 461 462 462 461 462 462 462 463 463 463 463 463 464 464 -3.4e+38 -3.4e+38 -3.4e+38 -3.4e+38 -3.4e+38 -3.4e+38 -3.4e+38 -3.4e+38 -3.4e+38 -3.4e+38 -3.4e+38 -3.4e+38 -3.4e+38 -3.4e+38 -3.4e+38 -3.4e+38 -3.4e+38 -3.4e+38 -3.4e+38 -3.4e+38 -3.4e+38 -3.4e+38 -3.4e+38 -3.4e+38 -3.4e+38 -3.4e+38 -3.4e+38 -3.4e+38 -3.4e+38 -3.4e+38 -3.4e+38 -3.4e+38 -3.4e+38 -3.4e+38 -3.4e+38 -3.4e+38 -3.4e+38 -3.4e+38 -3.4e+38 -3.4e+38 -3.4e+38 -3.4e+38 -3.4e+38 -3.4e+38 -3.4e+38 -3.4e+38 -3.4e+38 -3.4e+38 -3.4e+38 -3.4e+38 -3.4e+38 -3.4e+38 -3.4e+38 -3.4e+38 -3.4e+38 -3.4e+38 -3.4e+38 -3.4e+38 -3.4e+38 -3.4e+38
457 457 457 458 459 459 459 459 459 460 460 460 460 461 461 461 461 462 462 462 463 463 462 462 462 463 463 463 463 463 464 464 464 -3.4e+38 -3.4e+38 -3.4e+38 -3.4e+38 -3.4e+38 -3.4e+38 -3.4e+38 -3.4e+38 -3.4e+38 -3.4e+38 -3.4e+38 -3.4e+38 -3.4e+38 -3.4e+38 -3.4e+38 -3.4e+38 -3.4e+38 -3.4e+38 -3.4e+38 -3.4e+38 -3.4e+38 -3.4e+38 -3.4e+38 -3.4e+38 -3.4e+38 -3.4e+38 -3.4e+38 -3.4e+38 -3.4e+38 -3.4e+38 -3.4e+38 -3.4e+38 -3.4e+38 -3.4e+38 -3.4e+38 -3.4e+38 -3.4e+38 -3.4e+38 -3.4e+38 -3.4e+38 -3.4e+38 -3.4e+38 -3.4e+38 -3.4e+38 -3.4e+38 -3.4e+38 -3.4e+38 -3.4e+38 -3.4e+38 -3.4e+38 -3.4e+38 -3.4e+38 -3.4e+38 -3.4e+38 -3.4e+38 -3.4e+38 -3.4e+38 -3.4e+38 -3.4e+38 -3.4e+38 -3.4e+38
457 457 457 458 459 459 459 460 460 460 460 460 461 461 461 462 462 462 462 463 463 463 462 462 463 463 463 463 464 464 464 -3.4e+38 -3.4e+38 -3.4e+38 -3.4e+38 -3.4e+38 -3.4e+38 -3.4e+38 -3.4e+38 -3.4e+38 -3.4e+38 -3.4e+38 -3.4e+38 -3.4e+38 -3.4e+38 -3.4e+38 -3.4e+38 -3.4e+38 -3.4e+38 -3.4e+38 -3.4e+38 -3.4e+38 -3.4e+38 -3.4e+38 -3.4e+38 -3.4e+38 -3.4e+38 -3.4e+38 -3.4e+38 -3.4e+38 -3.4e+38 -3.4e+38 -3.4e+38 -3.4e+38 -3.4e+38 -3.4e+38 -3.4e+38 -3.4e+38 -3.4e+38 -3.4e+38 -3.4e+38 -3.4e+38 -3.4e+38 -3.4e+38 -3.4e+38 -3.4e+38 -3.4e+38 -3.4e+38 -3.4e+38 -3.4e+38 -3.4e+38 -3.4e+38 -3.4e+38 -3.4e+38 -3.4e+38 -3.4e+38 -3.4e+38 -3.4e+38 -3.4e+38 -3.4e+38 -3.4e+38 -3.4e+38 -3.4e+38 -3.4e+38
457 458 458 458 458 460 460 460 460 460 461 461 461 462 462 462 462 462 463 463 463 463 463 463 464 464 464 464 464 464 -3.4e+38 -3.4e+38 -3.4e+38 -3.4e+38 -3.4e+38 -3.4e+38 -3.4e+38 -3.4e+38 -3.4e+38 -3.4e+38 -3.4e+38 -3.4e+38 -3.4e+38 -3.4e+38 -3.4e+38 -3.4e+38 -3.4e+38 -3.4e+38 -3.4e+38 -3.4e+38 -3.4e+38 -3.4e+38 -3.4e+38 -3.4e+38 -3.4e+38 -3.4e+38 -3.4e+38 -3.4e+38 -3.4e+38 -3.4e+38 -3.4e+38 -3.4e+38 -3.4e+38 -3.4e+38 -3.4e+38 -3.4e+38 -3.4e+38 -3.4e+38 -3.4e+38 -3.4e+38 -3.4e+38 -3.4e+38 -3.4e+38 -3.4e+38 -3.4e+38 -3.4e+38 -3.4e+38 -3.4e+38 -3.4e+38 -3.4e+38 -3.4e+38 -3.4e+38 -3.4e+38 -3.4e+38 -3.4e+38 -3.4e+38 -3.4e+38 -3.4e+38 -3.4e+38 -3.4e+38 -3.4e+38 -3.4e+38 -3.4e+38 -3.4e+38
458 458 458 458 459 459 459 460 461 462 462 462 462 462 462 462 462 462 462 463 463 463 463 464 464 464 465 464 464 -3.4e+38 -3.4e+38 -3.4e+38 -3.4e+38 -3.4e+38 -3.4e+38 -3.4e+38 -3.4e+38 -3.4e+38 -3.4e+38 -3.4e+38 -3.4e+38 -3.4e+38 -3.4e+38 -3.4e+38 -3.4e+38 -3.4e+38 -3.4e+38 -3.4e+38 -3.4e+38 -3.4e+38 -3.4e+38 -3.4e+38 -3.4e+38 -3.4e+38 -3.4e+38 -3.4e+38 -3.4e+38 -3.4e+38 -3.4e+38 -3.4e+38 -3.4e+38 -3.4e+38 -3.4e+38 -3.4e+38 -3.4e+38 -3.4e+38 -3.4e+38 -3.4e+38 -3.4e+38 -3.4e+38 -3.4e+38 -3.4e+38 -3.4e+38 -3.4e+38 -3.4e+38 -3.4e+38 -3.4e+38 -3.4e+38 -3.4e+38 -3.4e+38 -3.4e+38 -3.4e+38 -3.4e+38 -3.4e+38 -3.4e+38 -3.4e+38 -3.4e+38 -3.4e+38 -3.4e+38 -3.4e+38 -3.4e+38 -3.4e+38 -3.4e+38 -3.4e+38
458 459 459 460 460 460 460 461 461 461 462 462 462 461 462 462 462 462 462 463 463 463 464 464 465 465 465 465 -3.4e+38 -3.4e+38 -3.4e+38 -3.4e+38 -3.4e+38 -3.4e+38 -3.4e+38 -3.4e+38 -3.4e+38 -3.4e+38 -3.4e+38 -3.4e+38 -3.4e+38 -3.4e+38 -3.4e+38 -3.4e+38 -3.4e+38 -3.4e+38 -3.4e+38 -3.4e+38 -3.4e+38 -3.4e+38 -3.4e+38 -3.4e+38 -3.4e+38 -3.4e+38 -3.4e+38 -3.4e+38 -3.4e+38 -3.4e+38 -3.4e+38 -3.4e+38 -3.4e+38 -3.4e+38 -3.4e+38 -3.4e+38 -3.4e+38 -3.4e+38 -3.4e+38 -3.4e+38 -3.4e+38 -3.4e+38 -3.4e+38 -3.4e+38 -3.4e+38 -3.4e+38 -3.4e+38 -3.4e+38 -3.4e+38 -3.4e+38 -3.4e+38 -3.4e+38 -3.4e+38 -3.4e+38 -3.4e+38 -3.4e+38 -3.4e+38 -3.4e+38 -3.4e+38 -3.4e+38 -3.4e+38 -3.4e+38 -3.4e+38 -3.4e+38 -3.4e+38 -3.4e+38
458 459 460 460 460 460 461 461 461 461 461 462 463 463 463 463 463 463 463 463 464 465 465 465 465 465 465 -3.4e+38 -3.4e+38 -3.4e+38 -3.4e+38 -3.4e+38 -3.4e+38 -3.4e+38 -3.4e+38 -3.4e+38 -3.4e+38 -3.4e+38 -3.4e+38 -3.4e+38 -3.4e+38 -3.4e+38 -3.4e+38 -3.4e+38 -3.4e+38 -3.4e+38 -3.4e+38 -3.4e+38 -3.4e+38 -3.4e+38 -3.4e+38 -3.4e+38 -3.4e+38 -3.4e+38 -3.4e+38 -3.4e+38 -3.4e+38 -3.4e+38 -3.4e+38 -3.4e+38 -3.4e+38 -3.4e+38 -3.4e+38 -3.4e+38 -3.4e+38 -3.4e+38 -3.4e+38 -3.4e+38 -3.4e+38 -3.4e+38 -3.4e+38 -3.4e+38 -3.4e+38 -3.4e+38 -3.4e+38 -3.4e+38 -3.4e+38 -3.4e+38 -3.4e+38 -3.4e+38 -3.4e+38 -3.4e+38 -3.4e+38 -3.4e+38 -3.4e+38 -3.4e+38 -3.4e+38 -3.4e+38 -3.4e+38 -3.4e+38 -3.4e+38 -3.4e+38 -3.4e+38 -3.4e+38
459 459 459 459 461 461 461 461 461 463 463 463 463 463 463 463 463 463 463 465 465 465 465 465 465 305 -3.4e+38 -3.4e+38 -3.4e+38 -3.4e+38 -3.4e+38 -3.4e+38 -3.4e+38 -3.4e+38 -3.4e+38 -3.4e+38 -3.4e+38 -3.4e+38 -3.4e+38 -3.4e+38 -3.4e+38 -3.4e+38 -3.4e+38 -3.4e+38 -3.4e+38 -3.4e+38 -3.4e+38 -3.4e+38 -3.4e+38 -3.4e+38 -3.4e+38 -3.4e+38 -3.4e+38 -3.4e+38 -3.4e+38 -3.4e+38 -3.4e+38 -3.4e+38 -3.4e+38 -3.4e+38 -3.4e+38 -3.4e+38 -3.4e+38 -3.4e+38 -3.4e+38 -3.4e+38 -3.4e+38 -3.4e+38 -3.4e+38 -3.4e+38 -3.4e+38 -3.4e+38 -3.4e+38 -3.4e+38 -3.4e+38 -3.4e+38 -3.4e+38 -3.4e+38 -3.4e+38 -3.4e+38 -3.4e+38 -3.4e+38 -3.4e+38 -3.4e+38 -3.4e+38 -3.4e+38 -3.4e+38 -3.4e+38 -3.4e+38 -3.4e+38 -3.4e+38 -3.4e+38 -3.4e+38 -3.4e+38
