R4dNHC/data/bio/bio_18.asc
NCOLS 1249 
NROWS 465 
XLLCORNER -86.9583333333333 
YLLCORNER 33.5416666666667 
CELLSIZE 0.00833333333333333 
NODATA_value -3.4e+38 
[rows 123 to 163 of 465, columns 0 to 93 of 1249]
300 301 299 299 300 301 301 301 301 301 301 301 300 301 302 302 303 304 304 304 304 304 303 302 302 301 300 300 301 300 302 301 302 304 304 304 304 304 305 305 302 302 302 302 302 302 302 301 303 304 305 304 304 303 305 306 305 305 306 308 307 309 310 311 311 312 312 313 313 312 313 314 314 314 314 315 316 317 318 318 319 321 320 320 320 321 322 324 324 321 322 324 325 325
299 299 300 301 301 301 301 301 301 300 302 302 302 303 303 303 301 301 304 304 304 303 300 300 300 300 300 298 300 299 299 302 302 302 302 304 302 302 302 302 300 302 302 302 305 303 302 301 301 304 305 305 305 306 305 305 305 305 307 307 307 308 310 310 311 312 311 312 312 313 313 313 314 313 313 316 316 318 318 318 321 320 320 320 320 321 322 324 324 321 321 324 327 325
302 301 301 302 301 301 301 301 301 301 300 300 300 301 303 304 304 304 304 304 304 303 300 300 300 299 299 297 299 299 301 301 299 299 302 302 302 302 301 301 301 300 302 302 304 303 303 301 301 302 304 305 305 305 306 305 305 305 307 307 307 308 310 309 310 310 311 311 312 313 313 313 313 314 315 316 316 317 318 318 320 320 320 320 320 320 324 324 321 321 321 323 325 323
300 302 301 302 302 301 301 301 301 302 301 300 300 301 301 303 303 304 304 304 304 305 303 300 299 298 297 297 299 299 300 299 299 299 299 301 302 302 301 302 302 300 300 301 303 303 303 302 302 302 303 304 304 304 304 305 305 305 306 307 307 310 309 310 309 310 311 311 311 312 313 313 314 313 315 316 316 317 318 318 320 319 320 320 320 320 323 323 321 321 321 323 323 323
302 302 303 303 301 301 301 302 303 303 303 303 301 303 302 301 302 302 303 304 305 304 301 300 299 299 296 296 297 297 299 299 297 299 299 301 302 303 301 301 302 301 300 300 300 303 304 303 302 302 302 303 303 304 304 305 305 305 306 307 309 309 309 309 312 311 311 311 311 310 311 312 312 313 315 316 317 317 318 319 319 319 320 320 319 320 321 319 322 322 321 323 323 323
300 303 303 302 302 302 301 301 302 303 303 303 302 302 303 302 302 302 304 305 303 301 300 299 299 298 299 296 296 297 298 299 297 297 299 299 301 301 300 300 300 300 300 300 300 303 303 303 303 302 305 303 303 304 304 304 305 305 306 308 308 308 309 309 310 311 311 311 311 310 313 313 312 313 315 316 317 317 318 318 317 317 318 318 320 319 319 322 322 322 321 323 323 323
303 302 303 303 302 302 302 302 303 303 303 303 303 302 302 302 302 302 303 304 304 301 300 299 299 300 299 297 296 296 296 298 298 297 298 298 300 301 300 300 300 300 300 300 300 302 303 303 303 303 305 303 304 304 304 304 305 305 306 307 307 307 308 309 309 309 311 311 310 312 313 313 312 313 315 316 317 317 316 316 317 318 318 318 320 319 319 322 322 322 321 323 323 323
303 303 303 304 303 302 302 303 303 303 303 303 302 302 302 302 302 302 302 301 301 301 302 301 300 300 299 298 297 296 295 296 298 297 298 298 298 300 300 300 299 300 300 300 300 301 302 303 303 302 302 304 304 304 304 305 305 305 306 307 307 308 309 309 309 309 311 311 310 313 313 313 312 314 315 317 317 317 316 316 318 318 318 318 319 319 321 322 322 323 321 322 323 323
302 303 302 303 302 303 302 303 303 303 303 303 302 302 300 302 301 300 301 298 301 301 302 302 302 300 300 299 297 295 295 295 295 295 297 297 298 299 300 299 299 299 299 300 300 300 301 302 302 302 302 304 304 304 304 305 305 305 306 307 307 308 310 309 309 309 311 311 310 312 313 315 312 314 314 314 314 316 316 316 318 319 318 318 321 319 320 322 322 323 323 323 323 323
301 302 303 302 302 302 302 302 303 303 303 302 302 302 301 299 300 298 301 298 300 299 300 302 303 302 300 299 298 297 297 297 296 296 296 296 298 299 299 299 299 299 299 300 300 300 300 301 301 302 302 302 304 304 304 304 305 306 306 307 307 308 309 311 311 310 311 311 311 313 313 313 312 313 314 314 317 317 316 319 318 318 318 319 320 319 320 320 322 322 323 325 324 323
301 302 302 302 302 301 301 302 303 303 302 300 300 300 302 301 300 298 298 298 300 301 302 303 300 298 298 297 297 298 296 296 296 296 296 296 296 298 299 299 299 298 299 300 301 301 300 300 302 302 302 302 304 304 304 304 306 306 306 307 307 308 309 309 311 313 311 311 312 313 313 313 312 315 314 314 317 319 319 319 319 319 318 318 318 320 320 320 320 321 323 325 326 325
299 299 300 302 302 302 302 302 304 302 301 300 299 300 300 301 300 297 298 298 300 300 300 300 300 299 297 296 296 296 296 296 296 296 296 296 296 296 299 299 299 298 299 300 302 301 300 301 301 302 302 303 304 304 304 304 307 307 306 306 307 308 309 309 310 311 311 313 313 313 313 313 314 315 315 314 316 317 318 317 319 319 319 319 321 321 322 322 321 321 323 324 326 326
301 302 302 302 302 302 302 302 304 304 302 301 300 297 298 298 298 295 298 299 297 297 297 298 299 297 296 296 296 296 295 295 295 296 296 296 296 296 296 296 299 299 298 299 301 301 301 301 301 302 302 302 303 304 304 304 306 307 307 306 307 308 308 310 310 311 311 312 313 313 313 314 315 316 317 317 315 316 318 317 318 318 318 320 321 322 322 321 322 322 321 323 324 325
302 302 302 302 301 301 301 301 301 304 303 300 300 298 297 298 296 296 296 296 297 297 297 297 297 298 296 296 296 296 296 296 296 296 296 296 296 296 296 296 299 299 298 299 299 301 301 301 302 302 303 303 303 304 304 307 306 306 307 307 307 308 308 309 310 310 311 311 312 313 313 314 315 316 318 317 317 317 316 316 317 318 318 318 321 322 322 323 322 324 321 323 323 324
301 300 299 299 300 300 301 301 301 303 300 297 300 297 296 296 295 296 298 297 300 298 297 296 296 297 298 296 296 296 296 296 296 295 295 296 297 296 296 297 299 299 298 299 299 301 301 301 301 302 303 303 304 304 304 305 307 307 309 308 308 308 308 309 310 311 311 312 313 313 313 313 314 315 315 317 317 317 319 319 318 318 318 318 320 321 322 322 322 322 322 323 323 323
299 300 300 300 301 301 303 302 301 302 300 300 297 299 296 295 297 299 300 300 300 297 296 296 296 296 296 296 295 295 295 295 296 295 295 296 296 298 296 297 299 299 298 299 300 301 300 301 301 303 304 303 303 304 305 305 306 307 309 308 308 308 309 310 310 311 311 314 314 313 313 315 314 315 316 317 317 317 318 319 318 319 320 320 319 320 322 322 323 323 323 323 323 323
301 301 303 302 301 301 302 301 300 300 300 300 299 296 296 294 297 299 297 298 297 295 295 296 296 299 296 295 295 294 294 295 295 295 295 295 295 296 296 296 298 299 299 299 299 299 301 301 301 304 304 305 303 304 306 305 307 306 309 309 308 308 309 310 312 313 311 314 316 316 316 315 315 315 315 315 317 317 319 319 319 321 321 321 319 319 322 325 325 324 324 324 323 323
301 300 300 300 300 301 299 299 299 298 298 300 300 299 296 293 296 297 295 295 295 295 296 297 299 298 296 295 295 295 293 295 295 295 295 295 295 295 296 296 297 297 297 299 299 300 300 301 301 304 304 304 304 304 306 307 307 307 309 309 309 308 309 310 312 313 313 314 316 316 316 315 315 315 315 317 317 317 318 319 319 320 321 321 320 320 322 325 326 325 324 324 323 323
299 297 300 300 300 299 299 301 299 297 297 298 298 299 296 293 294 295 294 295 295 295 295 296 296 296 295 295 295 293 293 293 294 295 295 295 295 295 295 298 298 298 299 300 300 302 301 301 301 304 305 305 305 304 305 307 307 309 309 309 309 310 311 311 312 312 313 314 314 316 316 315 315 315 316 317 317 317 318 319 319 320 320 321 320 320 322 323 327 325 324 324 325 325
299 300 300 300 299 296 299 299 299 298 296 297 296 298 296 294 293 293 294 295 295 295 294 295 296 296 295 295 295 295 292 295 295 295 295 295 295 295 295 297 298 298 299 300 300 302 302 303 304 304 304 305 305 304 304 307 307 309 309 311 311 311 311 311 312 312 314 315 315 316 316 316 315 315 317 317 317 317 318 319 319 320 320 321 320 320 322 325 325 326 326 326 325 325
300 299 298 298 298 296 299 299 298 296 295 295 295 295 296 295 293 293 295 295 295 296 296 295 297 298 295 295 295 295 292 294 295 294 295 295 295 295 295 296 298 298 298 300 300 300 303 304 304 304 306 306 306 304 304 307 307 309 309 310 311 311 311 312 312 312 314 317 317 317 318 317 317 317 316 317 317 317 318 319 320 320 320 322 320 322 322 322 325 327 326 326 326 325
298 297 295 296 295 296 296 294 295 295 295 294 295 293 294 293 293 295 295 295 295 294 294 294 295 295 295 295 294 294 294 292 294 294 294 296 295 295 295 296 298 298 299 300 300 300 302 304 304 304 304 306 306 306 306 306 307 307 309 309 310 311 312 312 313 313 314 317 317 318 319 319 317 317 317 317 317 318 318 318 320 321 323 323 322 322 322 322 324 326 326 326 326 325
295 295 295 295 296 297 294 293 293 293 293 293 293 293 294 296 294 293 292 292 294 293 294 294 295 295 295 295 294 294 294 292 294 294 294 294 295 295 295 298 298 298 298 298 299 300 302 301 301 303 304 304 306 306 307 307 307 307 309 309 310 311 313 314 315 315 315 317 317 319 321 319 317 317 317 317 317 319 318 318 320 320 321 323 323 322 322 322 324 326 326 326 326 326
295 295 295 298 298 295 294 294 295 294 292 292 292 294 294 295 293 292 292 292 292 293 294 294 294 293 295 295 294 294 293 292 294 294 294 294 294 295 297 297 297 298 298 298 300 300 300 301 301 304 304 306 305 306 307 307 307 309 309 309 310 310 312 312 312 315 314 316 317 318 320 319 317 317 317 317 319 319 319 319 320 321 322 323 323 322 322 324 324 324 326 326 326 327
296 295 295 298 298 295 294 294 294 295 295 292 292 294 294 293 293 294 293 293 292 292 293 294 293 293 294 294 294 294 292 292 294 294 294 294 294 295 295 296 295 297 298 300 301 302 301 303 304 304 304 306 306 306 307 307 309 309 309 310 310 310 312 312 312 314 315 316 317 318 318 318 317 317 317 318 319 319 320 321 321 321 322 323 323 321 324 325 324 326 328 328 327 327
298 295 295 295 297 297 294 294 294 295 295 293 293 294 294 293 294 293 293 293 292 292 293 292 293 293 293 293 293 293 292 294 294 294 295 294 294 294 295 295 296 298 298 300 300 300 302 303 304 304 304 306 308 307 307 307 310 310 311 311 310 313 312 313 315 315 315 316 317 318 320 320 317 317 318 319 319 319 320 320 321 322 322 323 323 322 324 324 326 328 329 328 327 327
298 295 294 295 298 298 295 294 294 294 294 295 293 294 294 294 294 293 293 293 292 292 292 293 293 293 293 293 292 292 293 294 294 294 295 294 294 294 295 297 298 298 298 300 300 302 302 303 304 304 306 306 307 308 308 310 309 310 312 312 313 313 313 313 315 315 316 316 318 318 318 318 317 317 319 319 319 320 320 321 322 325 323 322 322 323 324 325 326 328 328 327 327 327
297 295 294 295 297 298 297 294 294 294 294 293 294 294 294 294 294 294 293 293 293 294 291 291 293 292 292 292 292 293 293 293 293 294 294 295 294 294 295 295 297 298 299 300 300 302 303 304 304 304 307 306 306 307 310 310 310 311 311 313 313 313 313 314 315 316 316 316 318 318 319 318 318 319 320 321 321 321 320 321 323 325 325 325 324 324 324 325 326 328 328 328 328 327
297 297 294 295 295 295 294 294 294 294 295 295 293 294 294 297 297 294 294 293 294 294 294 293 293 292 293 293 294 294 292 292 293 293 294 295 294 294 295 297 297 298 298 299 300 302 302 304 304 304 305 305 306 308 308 309 310 311 311 313 313 314 314 315 316 318 316 318 320 321 321 319 320 320 321 324 322 321 321 323 323 325 326 326 325 324 324 325 328 331 328 330 327 327
297 300 297 294 295 295 294 294 294 296 296 296 295 294 295 297 297 296 296 295 295 294 294 293 293 293 293 294 294 293 293 293 293 293 293 294 294 295 297 297 298 298 298 300 301 302 302 304 304 304 305 305 305 307 307 310 310 311 311 312 313 315 317 317 317 317 319 319 320 320 320 319 322 320 322 326 324 323 323 323 325 325 325 325 326 326 324 325 328 331 330 332 330 327
298 300 297 294 295 295 294 294 294 294 297 297 295 294 294 296 297 297 296 296 296 295 294 294 293 293 293 294 293 293 293 293 293 293 293 294 294 297 297 297 298 298 298 301 300 301 302 302 302 304 305 305 306 307 309 310 310 311 311 312 313 314 316 317 317 316 317 319 319 320 320 321 322 322 322 324 324 324 323 324 326 325 324 325 325 324 325 325 325 328 328 332 330 328
300 300 299 296 295 296 295 295 296 297 297 297 296 295 295 296 296 297 297 297 296 294 294 294 294 294 294 294 293 293 293 293 293 293 293 295 294 297 297 298 298 298 298 299 300 301 301 301 304 304 305 305 306 307 307 308 309 311 311 312 313 314 314 317 316 316 317 318 318 320 320 320 322 322 323 324 324 325 325 325 327 325 327 327 326 325 325 326 325 326 328 331 329 329
299 299 297 296 296 298 296 296 296 297 297 296 296 296 296 296 297 297 297 296 296 294 294 294 295 295 293 293 293 294 294 294 294 293 295 294 295 297 298 298 298 298 299 300 300 301 301 303 304 305 305 305 307 307 308 308 309 311 312 312 313 314 314 315 316 316 317 317 319 320 320 321 322 322 322 323 323 325 328 328 329 327 326 326 326 326 325 325 327 328 327 329 331 330
300 300 298 297 297 300 299 299 297 297 297 296 296 296 296 296 297 297 297 296 296 295 294 295 295 294 294 293 293 293 294 294 295 296 296 296 297 297 298 298 298 298 299 300 301 301 302 304 304 305 305 306 308 309 309 310 310 311 312 312 312 314 314 314 315 315 317 317 320 320 320 320 322 322 322 323 325 326 328 329 330 327 327 326 325 326 326 326 327 329 329 329 332 331
302 302 298 297 299 302 302 299 299 297 296 297 297 298 297 297 296 297 297 296 296 296 296 296 295 297 296 296 295 293 294 295 295 295 297 297 298 298 299 299 298 299 300 300 301 301 303 304 305 305 305 306 308 309 310 311 310 311 312 312 312 314 314 315 315 315 318 318 319 320 320 321 321 322 323 323 325 325 326 328 327 327 327 326 327 326 326 327 327 329 329 329 330 331
303 304 301 300 302 305 303 302 299 297 297 297 298 298 299 299 298 299 298 297 297 296 296 296 297 297 296 296 295 295 294 294 294 295 297 297 299 299 299 299 298 300 300 301 301 301 303 303 305 305 305 308 309 309 310 311 311 313 312 312 313 314 316 315 316 316 318 319 319 320 321 321 321 322 323 324 325 325 326 326 328 327 328 328 327 327 327 327 327 330 329 330 331 329
299 299 300 302 305 305 305 301 299 299 299 297 297 300 300 302 300 299 299 298 298 297 299 296 297 297 297 296 295 296 296 296 296 295 295 298 299 299 298 299 299 300 301 301 302 303 303 303 305 305 306 306 307 309 310 311 313 314 315 313 313 316 316 316 317 318 319 319 319 320 321 321 322 322 323 323 324 325 326 326 326 327 327 328 328 328 327 327 327 329 329 332 332 330
299 299 300 302 302 303 304 304 300 302 302 299 300 298 299 303 303 302 299 300 300 298 299 299 298 297 297 295 297 297 297 296 296 296 297 298 298 300 300 300 300 301 302 302 302 303 303 304 305 305 306 306 307 309 310 312 313 314 314 314 315 315 316 316 317 318 319 319 320 319 320 321 322 322 322 322 324 324 325 326 326 326 328 328 328 329 327 328 328 329 329 332 331 331
299 299 299 300 302 305 305 303 304 305 302 302 305 301 302 303 306 305 306 306 308 302 298 297 297 296 296 297 297 297 297 297 297 297 298 299 300 300 302 301 301 302 303 303 303 303 304 304 305 306 306 306 307 307 310 311 312 314 314 313 314 316 315 316 317 317 319 319 319 320 320 321 321 322 322 322 324 324 324 326 326 326 327 328 328 329 330 330 330 331 330 333 333 336
300 299 299 299 301 302 302 302 304 303 303 303 302 302 302 302 303 303 304 306 308 302 300 298 297 298 296 298 299 299 298 300 297 297 299 300 301 301 302 302 302 303 303 303 303 304 304 304 306 306 306 307 307 310 310 310 311 313 313 313 315 316 316 316 317 317 318 319 319 320 320 320 322 322 322 324 324 324 325 326 327 328 328 329 329 329 330 330 329 331 333 333 336 337
300 299 299 299 299 302 302 300 301 301 301 301 301 302 305 305 305 305 308 305 307 302 299 299 298 297 299 300 301 301 300 299 298 298 298 300 301 303 304 304 304 303 305 303 304 304 304 304 306 307 307 307 309 310 310 311 311 312 313 315 315 315 315 317 317 317 318 318 320 320 320 322 322 322 324 326 325 325 326 326 327 327 328 329 329 329 329 328 328 331 330 333 336 337
