R4dNHC/data/bio/bio_19.asc
NCOLS 1249 
NROWS 465 
XLLCORNER -86.9583333333333 
YLLCORNER 33.5416666666667 
CELLSIZE 0.00833333333333333 
NODATA_value -3.4e+38 
[rows 0 to 40 of 465, columns 282 to 375 of 1249]
307 307 307 305 304 304 303 301 300 299 297 297 296 295 292 292 289 289 288 286 285 286 285 285 285 285 285 285 285 283 282 280 283 285 283 280 276 277 279 280 279 278 280 282 282 282 282 282 279 276 279 281 278 281 281 281 280 276 277 278 279 281 282 281 280 282 280 280 277 279 281 282 282 282 282 282 282 282 281 281 283 282 281 281 283 283 282 281 280 280 280 282 281 280
307 307 306 305 304 304 303 302 300 300 300 299 298 297 296 295 292 292 291 289 288 285 285 284 284 285 285 285 285 283 281 280 283 283 286 283 278 278 279 282 279 278 279 279 282 282 282 281 281 277 279 278 279 281 281 278 281 276 278 278 278 281 281 281 280 282 282 280 277 280 281 281 282 281 281 281 281 281 281 281 283 283 281 281 282 284 282 282 282 280 280 282 282 282
306 307 305 305 305 303 302 300 300 300 300 299 298 297 296 295 295 292 291 290 290 288 285 286 287 285 286 286 286 284 280 283 283 281 285 280 280 277 278 281 282 278 278 280 282 280 282 280 278 278 277 280 281 281 281 279 279 278 277 277 280 280 280 280 280 280 280 282 280 279 279 281 283 280 281 282 281 281 281 281 282 283 284 283 283 283 283 281 280 281 283 280 283 283
307 305 306 306 305 304 302 302 302 302 300 299 298 296 295 295 295 292 290 290 288 287 286 286 287 286 286 286 286 286 283 281 281 280 282 280 279 278 280 282 281 278 282 282 282 280 281 282 281 280 276 278 281 281 279 279 277 280 277 277 280 280 278 280 283 280 280 280 278 277 281 282 281 280 281 280 279 281 282 282 282 283 283 284 283 283 283 282 283 283 283 283 280 283
307 305 306 305 305 302 303 303 302 302 301 300 299 298 297 295 293 293 293 293 291 290 288 286 289 288 289 289 286 284 283 284 283 281 281 281 282 282 279 279 279 282 280 280 281 282 279 279 280 277 277 280 282 282 281 280 279 279 278 277 279 278 281 280 280 280 282 278 279 282 280 280 282 279 279 279 281 282 282 282 282 282 282 283 283 283 283 282 283 283 283 283 281 282
305 305 305 303 302 303 304 302 302 301 301 299 298 298 298 296 296 295 294 293 293 290 289 289 287 287 289 289 286 284 286 286 286 284 281 285 284 282 280 280 280 277 278 277 281 283 282 279 277 279 281 282 282 282 280 279 276 276 278 276 280 281 280 280 281 280 278 277 278 279 278 279 278 280 282 282 280 280 282 282 282 283 283 283 283 283 283 283 283 283 281 281 283 282
305 303 303 303 305 305 304 302 301 301 300 300 299 298 298 296 296 296 294 293 292 290 290 290 289 289 289 289 286 285 286 287 284 284 284 285 283 281 280 283 283 282 280 278 277 282 282 280 276 276 280 282 280 280 281 279 277 278 278 281 281 281 281 278 281 278 278 279 282 278 281 282 282 280 282 282 282 282 282 282 281 282 283 283 284 284 283 283 283 283 281 284 284 283
306 303 303 302 305 304 302 302 301 300 300 300 299 298 298 296 296 296 294 293 292 292 291 291 290 289 289 289 287 286 287 287 285 287 287 284 284 283 286 285 283 283 282 282 279 279 278 278 279 282 282 282 282 279 279 278 275 278 281 281 281 281 280 279 279 278 278 281 282 282 280 282 282 282 282 282 282 282 282 282 282 281 282 282 284 284 284 283 281 282 284 284 285 284
306 305 304 301 301 303 301 301 301 301 301 300 299 298 298 296 296 295 295 296 295 292 291 291 291 290 291 290 290 287 289 289 287 288 288 286 286 286 284 286 284 283 283 283 282 279 281 279 281 282 282 281 282 280 278 278 277 280 278 278 278 278 280 277 278 280 281 281 281 281 282 282 282 282 283 282 282 283 284 283 283 283 283 284 284 284 284 284 284 284 284 285 284 284
307 307 307 304 302 301 300 301 303 301 300 299 299 298 296 296 296 296 294 295 296 295 294 294 291 289 292 290 290 291 288 287 287 287 288 288 286 283 283 283 283 283 282 279 279 280 282 282 282 282 282 280 280 280 278 280 278 278 278 278 277 279 278 278 279 280 280 280 280 282 283 282 280 280 283 283 283 283 282 282 282 283 284 284 284 284 284 284 284 284 284 284 283 283
307 307 306 305 305 303 300 303 302 302 301 299 299 299 296 296 296 295 294 294 294 295 295 295 292 290 290 289 290 290 290 290 287 286 287 289 289 286 286 283 282 281 281 282 281 280 280 282 282 282 281 280 279 279 278 278 278 278 279 277 278 279 279 280 280 280 280 280 281 280 281 280 280 282 282 282 282 282 280 282 282 282 284 284 284 284 284 284 284 284 284 284 284 283
307 307 306 305 304 302 301 303 302 302 300 299 299 297 298 297 296 295 294 294 294 294 293 293 292 290 290 289 291 291 287 290 292 289 286 288 287 286 284 284 285 284 283 281 280 280 280 281 282 282 280 280 280 281 281 280 279 279 280 279 278 279 280 280 280 281 281 281 281 280 280 280 281 281 280 280 281 281 281 282 282 282 282 282 282 284 285 285 285 284 283 283 282 282
307 307 306 305 302 302 303 303 302 302 302 299 299 298 298 297 297 295 294 295 295 294 293 293 292 290 290 289 290 290 289 292 290 287 286 289 286 288 288 288 285 283 281 280 280 280 282 281 280 281 280 279 280 280 279 279 279 282 282 280 278 278 279 280 280 281 281 281 280 281 278 278 279 280 280 281 282 282 282 282 282 282 282 282 283 283 285 285 285 282 282 282 282 284
306 306 306 305 302 303 303 302 302 302 302 300 299 297 297 297 297 295 294 294 293 294 295 293 293 290 290 290 290 289 290 291 289 287 286 287 284 287 288 288 285 284 283 283 280 280 280 280 282 282 280 279 278 279 279 279 282 282 282 280 278 279 279 278 281 281 281 278 279 278 278 280 281 281 281 282 282 282 282 282 283 284 283 285 285 284 285 285 285 284 284 284 284 284
307 305 306 305 303 304 303 302 302 302 302 300 299 299 298 297 295 295 295 293 293 294 296 293 293 290 291 290 291 289 289 288 289 289 286 285 286 287 287 287 287 286 286 285 283 281 280 279 280 282 279 279 279 279 279 280 282 281 280 281 279 278 278 278 281 279 279 278 278 280 281 281 281 282 282 282 282 283 283 283 283 285 285 283 283 284 283 284 284 284 284 284 284 284
307 305 303 303 305 305 304 302 302 302 302 300 300 300 298 297 296 296 296 296 293 293 296 293 291 291 293 293 292 291 288 289 290 290 289 287 284 286 286 287 288 288 286 286 286 283 279 280 279 279 279 282 282 282 280 282 280 280 281 281 281 280 278 278 278 278 278 279 280 280 281 280 280 280 280 282 281 283 283 283 283 283 284 283 283 282 283 283 283 283 284 284 284 284
307 306 305 302 303 304 305 302 302 302 300 300 300 300 298 298 297 296 296 294 293 293 296 296 295 291 292 294 291 290 289 292 290 290 287 286 287 288 287 289 287 289 286 286 286 284 281 281 281 281 282 282 282 283 283 283 281 281 281 281 281 280 279 279 279 279 279 279 280 280 280 280 280 280 280 280 283 283 283 283 283 283 284 284 284 283 284 284 283 283 282 282 282 282
306 305 305 305 302 305 305 303 302 300 302 300 300 300 299 298 297 297 296 295 293 296 294 294 295 294 291 291 290 289 290 290 290 290 290 287 286 286 287 289 286 286 286 286 285 282 281 284 283 285 283 283 283 283 283 283 283 281 282 282 281 280 279 280 280 281 279 279 279 279 279 280 280 282 283 283 283 283 283 283 283 283 283 284 284 283 283 284 284 283 282 282 285 284
308 307 307 305 303 305 305 303 302 302 300 300 300 300 299 299 297 296 296 295 293 294 296 294 294 294 294 290 290 289 291 293 290 289 289 289 286 286 286 287 286 285 286 284 286 282 284 284 285 283 283 283 283 283 282 282 283 282 282 282 282 282 280 281 282 282 280 279 279 281 281 281 281 281 281 281 283 283 283 282 282 282 282 283 285 285 283 282 282 282 285 285 283 283
308 308 307 305 303 303 303 303 302 301 300 300 300 300 299 299 298 296 295 294 294 296 294 292 294 295 295 295 292 290 290 290 289 288 287 288 286 286 289 286 287 286 284 284 285 283 283 283 283 283 283 283 283 282 282 282 282 282 282 282 282 282 281 281 282 281 281 281 278 278 281 281 281 281 281 281 282 282 282 281 282 284 285 285 285 285 285 283 285 285 285 284 283 285
310 308 308 306 305 304 303 303 300 303 303 302 301 300 299 298 298 296 294 299 299 297 295 293 294 294 294 296 293 293 290 289 289 287 289 286 286 286 287 286 286 287 284 284 283 283 283 283 283 283 283 283 282 280 282 282 282 282 282 282 281 281 281 281 281 281 281 281 281 278 279 281 281 281 282 281 281 282 282 281 283 284 284 285 285 285 285 285 285 284 283 283 285 285
308 308 308 307 306 305 304 303 300 300 302 302 301 300 299 298 297 296 297 299 297 295 294 293 295 296 296 296 296 295 292 291 292 288 287 288 286 284 284 284 287 285 283 283 283 283 283 283 283 281 282 281 281 282 282 282 282 280 282 280 281 281 281 281 281 281 281 281 279 279 279 279 279 279 281 280 281 283 281 283 283 283 283 285 283 285 285 285 285 284 285 286 286 286
308 308 308 307 306 306 304 303 303 300 300 299 301 301 299 298 297 296 297 297 297 295 294 293 293 296 296 293 294 293 293 294 292 290 292 292 289 289 287 285 285 284 283 284 283 286 286 286 283 282 283 282 282 282 282 282 282 282 282 281 280 280 281 281 281 281 279 279 281 281 279 280 282 280 280 280 282 282 283 283 283 283 283 283 283 285 286 287 286 287 287 288 287 288
308 308 308 306 306 306 304 303 303 303 301 299 299 297 300 297 297 297 297 297 298 296 294 293 293 293 293 293 294 292 293 293 292 292 292 290 290 291 290 287 286 283 286 286 286 286 286 284 284 282 284 284 285 283 282 282 283 283 283 283 281 281 281 281 281 281 281 281 282 282 279 281 283 283 283 282 283 283 281 283 283 283 286 283 283 285 286 286 287 288 287 287 288 287
309 307 307 307 306 306 306 306 306 304 302 301 299 299 299 299 297 296 297 296 297 296 296 293 293 293 295 296 295 292 292 292 291 291 290 290 290 290 290 289 286 286 286 286 286 288 286 285 284 282 284 285 285 285 283 283 281 283 283 283 282 281 282 282 281 281 282 282 282 282 281 281 282 283 283 281 283 283 283 281 283 285 285 286 286 286 285 286 286 287 287 286 289 287
309 307 307 308 306 306 306 306 305 304 304 302 301 300 298 297 297 297 296 297 299 297 295 294 296 296 294 295 294 292 292 292 292 290 290 290 290 287 287 286 286 284 286 286 286 287 287 285 285 284 283 283 285 285 285 283 283 283 282 282 282 282 282 282 282 282 282 283 282 282 281 281 282 283 283 283 283 284 284 282 282 283 284 286 287 286 286 285 285 286 287 287 286 288
309 308 308 308 308 307 306 305 306 304 303 303 302 300 300 297 297 297 296 296 296 296 296 294 296 294 293 294 294 294 292 290 293 291 290 290 292 290 290 286 289 289 289 289 289 288 288 287 286 285 283 284 285 286 285 283 285 285 283 283 282 282 282 282 282 282 282 282 282 281 281 281 281 281 284 284 284 284 282 284 284 284 285 286 288 286 286 285 285 285 285 288 288 286
309 308 309 309 308 307 307 304 304 304 303 303 301 301 303 303 299 297 296 296 296 297 296 294 294 294 294 294 294 295 293 292 290 290 293 290 292 291 289 287 286 287 288 289 289 288 287 286 286 286 285 283 283 283 283 285 283 284 284 285 283 282 283 284 282 282 281 281 281 281 283 281 283 284 284 284 284 284 283 284 285 284 284 285 288 287 287 285 288 287 285 286 288 288
309 308 309 307 307 307 307 304 304 303 303 303 301 300 300 300 298 297 296 296 296 298 296 294 295 295 295 295 296 296 293 293 290 290 292 290 289 289 289 287 287 289 290 288 288 287 286 286 286 286 286 285 284 285 285 284 284 283 283 285 285 285 285 283 284 282 283 281 282 284 284 282 282 284 284 284 283 283 284 285 285 285 286 285 287 288 288 288 288 288 286 286 288 288
309 307 307 309 307 307 307 305 304 304 303 303 300 300 300 299 300 299 298 296 296 297 297 295 295 295 295 295 296 296 296 293 293 292 291 289 290 287 287 290 288 288 288 288 289 289 287 286 286 286 286 286 284 285 285 285 285 283 283 283 284 283 284 284 283 284 284 284 284 284 284 284 283 284 286 284 283 286 284 286 286 286 287 286 286 287 287 288 288 286 288 286 286 288
309 307 307 309 307 308 308 308 307 305 304 303 301 300 299 299 299 299 299 296 297 300 297 294 295 295 295 295 293 293 295 295 293 293 292 289 289 289 288 290 292 291 291 290 290 289 289 289 288 288 287 286 285 285 285 285 285 284 283 283 283 283 284 284 284 284 284 284 282 283 284 284 284 284 285 285 283 284 286 287 287 288 288 288 288 289 288 288 288 286 286 286 286 286
310 307 307 307 307 310 309 307 306 305 303 304 306 303 301 299 298 300 300 297 296 297 295 296 296 296 296 296 296 296 296 294 294 292 292 292 292 289 288 290 290 290 291 290 290 289 289 289 289 288 288 287 287 286 286 285 286 285 286 284 283 283 284 285 284 284 284 283 282 285 285 285 286 286 287 286 285 286 286 286 287 288 288 289 287 286 289 288 286 286 286 289 289 286
310 307 307 309 307 307 309 307 307 306 304 304 304 303 303 301 299 299 297 297 297 297 297 296 297 296 296 296 296 296 296 295 295 294 293 293 290 290 290 293 291 290 290 291 289 289 289 289 288 288 288 287 287 286 286 286 286 286 285 284 285 285 284 285 285 285 282 282 284 285 285 285 285 288 289 286 286 286 289 286 286 289 288 286 288 286 286 286 288 289 286 289 289 288
310 307 307 307 310 310 308 306 309 308 306 304 304 304 302 304 302 302 298 297 299 300 297 297 299 299 299 298 297 298 298 296 295 295 293 293 292 290 290 293 292 290 289 289 289 291 290 289 288 288 288 286 287 286 286 286 286 285 285 285 285 285 285 283 284 283 283 282 284 285 285 286 286 286 287 289 286 287 287 287 289 289 287 289 289 290 291 289 289 288 288 289 288 291
310 308 307 308 308 308 309 306 309 306 305 307 307 305 305 305 303 302 300 297 297 297 297 298 299 299 299 299 297 298 298 297 295 295 294 294 293 290 290 292 292 291 292 290 289 290 290 288 288 288 288 288 287 286 286 286 285 285 285 285 285 285 285 284 283 283 283 284 284 284 284 286 288 289 287 288 287 289 287 289 289 288 287 289 291 291 292 288 288 289 291 291 291 291
310 307 307 307 307 309 308 306 306 304 304 305 307 307 305 303 302 303 301 297 297 297 298 299 299 299 299 299 298 297 298 298 298 296 296 293 294 291 290 289 289 290 290 291 291 290 290 288 288 286 289 289 287 286 286 285 285 285 285 285 286 285 284 283 284 283 283 283 283 284 284 287 287 285 287 287 287 287 287 287 289 288 288 290 289 293 291 291 290 291 291 291 291 289
309 308 307 307 306 306 306 306 304 304 305 304 306 304 306 306 303 303 300 299 299 297 297 299 299 299 297 298 298 296 298 298 296 296 296 294 293 292 289 292 290 290 290 291 290 288 289 289 286 288 287 288 288 286 285 285 285 285 285 285 285 284 284 283 283 283 283 286 286 284 284 284 284 285 287 287 288 287 287 287 289 288 288 290 290 291 291 291 291 290 289 289 291 289
310 311 310 309 309 306 304 304 305 307 305 303 303 303 306 306 303 303 302 302 299 296 299 299 299 299 297 298 299 298 296 298 297 295 295 293 292 293 292 290 291 290 290 290 290 289 289 289 287 287 289 288 288 287 285 285 285 285 285 285 284 284 284 283 283 282 282 284 287 285 284 285 285 285 287 287 287 287 287 287 288 288 289 289 290 290 291 291 291 290 291 289 290 289
310 309 309 309 308 307 307 305 304 306 303 304 306 306 306 303 303 303 300 302 299 299 300 298 298 298 300 300 299 298 296 296 297 296 297 295 292 295 292 292 293 293 291 290 291 290 289 289 287 289 289 288 287 285 285 285 286 286 286 286 284 283 284 283 282 282 282 285 285 285 284 285 285 285 286 287 287 287 289 287 289 289 289 290 290 291 291 291 291 291 291 289 291 290
309 309 309 309 309 309 307 308 307 304 303 306 306 306 306 306 305 304 302 302 302 299 298 298 300 300 299 300 299 298 296 296 294 295 295 295 292 292 292 294 293 293 291 291 291 291 290 289 289 288 288 287 286 288 288 286 287 287 286 286 285 285 285 284 282 282 282 285 285 285 285 285 285 286 286 286 287 286 289 289 289 289 289 289 289 291 291 291 292 291 289 292 292 291
309 310 310 309 310 310 311 307 309 306 303 303 306 306 306 306 305 305 302 300 301 299 298 300 301 301 300 301 301 299 299 298 298 295 292 294 292 294 294 294 294 293 292 292 293 292 291 292 291 289 288 288 288 288 288 288 288 287 286 286 285 285 285 285 283 283 283 285 285 285 285 285 285 286 286 286 286 286 288 289 289 289 289 289 291 291 292 292 292 292 292 293 294 293
