R4dNHC/data/bio/bio_19.asc
NCOLS 1249 
NROWS 465 
XLLCORNER -86.9583333333333 
YLLCORNER 33.5416666666667 
CELLSIZE 0.00833333333333333 
NODATA_value -3.4e+38 
[rows 246 to 286 of 465, columns 376 to 469 of 1249]
412 415 417 428 431 420 421 431 439 439 427 424 431 430 419 413 416 421 429 421 416 416 415 413 418 429 424 414 413 408 403 398 398 402 404 410 399 398 399 399 405 415 410 402 408 414 415 427 423 429 434 433 452 463 466 452 453 449 435 415 404 394 395 404 438 415 389 384 380 377 387 403 401 393 376 379 378 390 419 427 427 422 433 433 443 462 469 456 456 459 473 473 468 471
420 428 426 424 419 418 421 432 427 422 425 423 439 442 423 420 421 434 428 424 429 432 424 421 431 435 418 414 413 406 404 400 404 412 408 405 402 397 397 405 405 411 426 411 408 405 410 416 423 420 423 441 443 458 474 474 471 452 452 444 423 412 411 421 449 418 409 405 380 380 380 388 380 380 374 374 378 396 414 422 416 441 441 422 457 467 458 448 449 464 474 463 464 464
418 418 418 418 418 426 426 424 419 422 422 429 439 447 432 431 434 440 435 445 446 453 441 435 431 428 416 416 410 404 403 405 415 413 405 402 401 399 402 414 419 416 422 421 421 412 414 414 418 432 429 447 453 467 467 475 475 472 476 463 447 444 450 441 434 411 409 396 387 383 380 377 377 376 375 376 380 393 404 404 427 441 428 422 454 467 451 440 449 469 466 452 449 466
418 415 418 418 418 421 421 422 420 422 426 429 437 448 450 443 450 457 454 468 474 467 450 424 413 416 416 414 407 411 408 413 418 414 405 402 403 405 406 412 424 438 443 447 437 436 443 425 441 455 443 443 446 450 461 471 472 478 479 469 458 437 426 416 419 401 392 391 385 386 380 379 377 377 377 375 383 389 393 428 426 415 409 444 454 443 440 433 457 454 463 451 443 461
421 418 418 418 420 421 418 421 428 437 428 433 441 446 456 461 472 480 477 470 460 452 433 416 427 417 416 410 412 410 416 425 417 410 410 408 402 403 415 422 422 421 434 443 446 457 461 457 447 469 472 472 478 472 472 478 475 478 484 478 463 435 411 402 400 397 391 388 394 393 383 383 392 383 378 375 375 375 376 394 393 404 432 447 436 407 418 432 460 438 447 438 439 424
421 418 418 419 418 421 423 432 439 437 434 437 442 451 456 468 481 483 473 459 449 435 419 422 424 421 416 414 419 414 418 429 422 418 413 408 405 406 411 411 411 421 433 428 432 441 448 458 472 476 472 458 467 459 454 469 448 452 475 472 451 437 429 414 402 411 411 390 394 407 394 394 392 405 389 392 375 375 378 386 400 426 438 411 399 412 428 435 437 421 426 417 414 415
421 421 422 421 421 426 432 437 431 429 437 435 444 453 464 476 478 478 463 449 433 419 424 435 424 421 420 424 427 420 424 438 429 421 416 411 407 408 411 415 411 414 419 426 448 437 428 450 461 466 456 434 445 440 437 452 432 440 454 461 464 454 433 433 429 435 419 394 395 400 414 411 400 400 406 394 378 378 378 379 400 389 405 394 400 432 437 417 398 399 403 411 427 422
424 424 425 424 423 426 429 426 426 434 452 458 463 467 459 478 472 467 461 442 419 427 446 433 429 433 431 442 438 427 440 451 442 446 431 417 409 411 411 414 424 424 422 437 446 425 420 436 439 451 449 425 429 422 425 429 419 422 432 448 471 465 466 460 452 435 413 397 403 403 428 422 414 409 392 392 380 385 382 382 394 382 387 387 390 393 422 399 410 424 422 435 452 447
428 428 428 426 424 424 426 430 437 442 449 456 464 453 456 471 461 453 450 425 433 450 452 452 452 461 450 452 443 446 443 464 461 446 427 422 420 415 417 411 414 425 432 428 425 414 415 421 441 432 429 419 419 415 417 417 422 425 435 451 477 477 452 432 425 414 407 400 422 416 419 437 429 417 411 399 387 383 386 385 385 384 406 411 410 396 402 399 420 432 443 451 458 477
429 431 435 433 428 429 427 427 432 437 440 444 448 445 450 448 445 440 427 428 454 450 452 452 462 467 468 470 461 461 464 469 460 447 439 440 429 423 417 414 411 411 411 412 411 411 417 419 436 420 415 412 415 411 411 413 422 438 447 454 473 477 446 425 413 410 410 414 447 447 429 454 462 445 427 404 390 386 407 410 391 387 396 393 425 424 419 412 418 421 430 443 461 481
433 437 448 448 437 439 437 429 434 432 434 435 442 448 442 437 437 426 427 436 449 449 450 453 461 459 461 467 472 480 475 460 444 438 431 426 423 417 417 420 414 411 411 412 411 408 411 411 414 415 411 414 410 413 415 415 425 426 421 428 451 477 462 441 419 436 436 429 452 462 454 465 465 436 412 396 393 401 430 432 415 410 396 392 410 447 456 440 458 451 448 464 472 472
437 451 461 465 451 448 437 435 432 432 435 436 437 437 437 438 430 428 432 439 455 447 451 452 452 453 461 466 470 475 472 460 457 452 434 434 423 420 431 438 423 414 414 414 412 414 411 412 411 411 411 409 408 409 410 410 415 417 422 433 454 468 454 439 425 443 462 468 459 467 470 472 449 425 421 404 418 398 436 465 441 447 432 400 394 404 421 448 457 448 450 465 456 454
444 449 467 479 462 453 448 443 443 448 442 445 453 448 451 440 435 453 447 434 444 445 445 446 446 450 456 455 461 471 483 478 471 452 451 457 443 426 442 438 425 419 416 423 425 412 412 414 411 410 411 415 421 424 418 418 424 436 436 442 465 465 451 441 433 455 463 464 474 486 482 468 441 421 421 421 415 404 436 472 470 459 439 400 398 400 411 429 438 435 435 462 449 450
459 460 470 473 476 473 463 460 459 453 453 464 473 464 445 439 451 465 448 447 438 444 441 445 450 449 456 464 471 481 493 487 472 468 464 465 439 439 449 439 425 419 418 425 427 417 414 417 414 413 414 421 427 425 433 447 439 444 450 446 450 442 447 455 439 447 452 465 482 493 477 447 439 451 463 449 421 408 444 477 474 452 429 400 416 421 406 410 418 429 440 453 433 450
448 447 455 454 463 470 475 470 467 461 468 475 462 451 443 451 462 453 448 452 444 444 444 445 452 460 470 478 481 481 491 496 491 481 475 457 457 457 447 434 427 423 419 425 428 421 419 421 418 415 413 412 415 426 435 432 425 429 425 435 436 423 439 462 456 458 459 468 485 494 473 469 475 478 473 455 419 437 466 486 475 452 429 411 414 443 439 425 415 421 429 426 433 455
439 439 443 450 448 458 462 451 456 450 448 451 443 440 454 470 474 459 460 467 453 445 456 452 457 464 468 473 473 479 492 501 497 491 489 478 460 448 437 431 429 423 423 431 436 435 429 428 425 421 417 415 417 423 421 418 418 418 418 421 421 429 444 465 470 475 476 476 477 491 484 485 488 476 466 462 440 463 474 484 466 448 425 419 415 448 464 441 443 436 426 429 427 444
434 434 442 440 442 447 450 446 444 438 436 438 440 449 467 487 479 465 462 454 451 449 456 459 462 467 464 467 478 484 491 499 492 480 471 474 468 448 442 431 430 428 424 431 429 422 421 421 419 418 416 415 415 415 415 415 415 418 418 423 432 434 444 458 487 491 494 487 478 484 471 485 491 484 476 459 458 463 469 466 466 451 427 448 443 454 471 478 476 464 442 451 442 433
432 432 434 437 439 438 438 435 435 435 440 443 454 475 482 481 470 462 459 451 448 455 459 467 467 462 468 477 484 487 489 492 481 467 455 449 443 437 434 430 428 430 431 429 429 426 424 421 419 419 421 418 418 418 415 418 421 423 421 423 421 426 437 461 484 473 476 467 459 455 466 475 494 489 475 475 483 481 480 465 445 436 439 449 455 462 474 488 477 462 460 474 465 448
430 430 432 434 434 432 434 435 437 441 451 463 476 481 475 467 462 465 470 462 454 456 462 467 467 477 475 478 485 492 495 495 478 464 450 440 437 434 434 434 434 434 437 428 425 427 426 428 426 424 423 421 421 421 418 418 419 420 418 421 425 430 436 466 463 461 458 455 446 451 463 489 497 499 492 493 494 491 467 450 446 457 483 474 464 474 480 482 487 484 490 488 472 459
431 431 431 432 433 434 434 437 443 452 465 480 481 474 469 468 470 473 472 457 454 464 462 467 483 492 486 489 487 487 495 484 468 457 448 445 445 452 446 445 453 453 453 441 436 436 432 435 432 429 427 426 423 420 421 422 421 421 423 425 425 429 445 472 449 451 435 443 458 481 479 492 503 503 502 498 493 484 474 465 474 474 482 492 485 482 483 489 496 497 494 487 480 472
431 432 431 432 432 433 437 447 454 468 481 480 474 473 470 466 465 465 473 467 457 459 462 480 492 500 498 498 495 495 495 495 481 465 468 466 463 466 457 450 459 469 471 465 450 447 450 453 441 440 435 426 423 423 425 424 429 424 421 423 429 433 436 443 436 425 425 444 459 477 492 505 505 502 499 496 489 489 486 484 481 492 482 496 495 488 489 497 498 494 490 489 481 484
433 433 433 433 434 437 446 458 473 478 472 465 472 479 470 465 462 462 462 458 459 465 470 481 489 495 504 507 501 501 498 501 498 489 486 477 476 474 468 464 468 458 447 458 456 450 449 452 449 440 432 429 426 423 423 425 428 428 428 429 430 436 435 430 430 430 447 460 469 477 488 499 505 502 502 494 489 488 492 492 485 493 491 491 496 501 502 503 499 492 493 487 490 492
433 433 433 436 437 440 441 450 461 461 461 468 469 467 465 459 461 462 459 462 462 472 484 487 489 495 501 501 507 507 507 510 500 484 482 479 474 460 467 458 459 448 438 441 445 449 442 437 432 435 429 429 426 426 423 426 427 427 426 431 432 428 433 425 436 447 470 494 486 492 499 504 507 500 495 498 503 500 494 495 488 488 491 492 497 500 503 504 503 496 492 492 498 497
436 436 438 441 448 449 447 450 454 461 470 475 469 467 463 465 470 470 465 459 462 467 481 493 501 495 499 503 507 510 504 495 492 474 469 460 467 450 453 448 453 450 441 435 438 439 435 435 432 432 432 431 430 428 426 426 428 426 425 429 425 428 428 427 442 475 492 497 497 488 485 500 507 506 506 508 507 500 503 503 493 488 488 493 502 497 505 505 505 502 498 499 499 499
440 441 449 450 448 461 464 469 484 493 493 490 478 480 473 472 479 478 472 460 462 468 473 481 490 495 496 495 499 500 487 472 470 460 456 451 448 445 445 441 441 437 436 438 435 435 432 432 434 432 432 430 429 429 430 429 428 429 430 430 432 426 433 444 462 488 488 477 478 473 490 507 511 511 510 507 509 508 507 506 497 493 493 490 496 498 503 503 505 505 503 505 503 498
451 449 458 471 464 475 487 487 493 499 504 495 494 493 480 476 484 478 473 467 465 473 482 479 481 487 490 492 492 497 489 484 475 471 466 462 460 471 466 448 442 439 440 437 437 438 435 435 432 432 434 434 432 430 433 435 432 436 436 450 439 433 454 462 473 473 485 467 470 491 506 511 511 510 510 510 511 510 510 504 498 499 503 493 498 501 501 503 505 506 504 499 505 501
469 469 477 484 480 480 479 477 486 487 499 507 501 494 480 467 476 481 473 473 475 467 484 489 486 492 498 495 501 508 506 498 486 481 486 474 471 467 460 450 442 439 443 444 449 443 441 439 439 437 440 437 437 432 432 435 443 451 450 450 439 433 434 442 441 459 461 458 479 508 510 495 493 511 514 513 513 512 511 510 505 504 504 501 501 508 506 507 507 506 496 486 501 502
486 486 480 477 472 469 472 477 484 491 504 507 496 500 488 469 471 479 476 478 467 468 470 476 481 487 484 497 507 509 504 504 503 501 498 489 471 456 448 443 442 446 456 472 464 449 446 443 451 451 446 439 440 434 434 436 441 457 467 465 445 441 438 437 436 437 446 470 481 491 481 493 504 514 514 515 516 514 514 511 509 505 511 508 507 508 511 511 508 499 492 483 502 496
472 483 473 460 460 466 478 491 502 504 503 497 483 484 483 464 470 484 480 491 480 476 470 473 473 481 492 497 498 500 500 495 503 500 481 471 464 453 450 449 447 446 455 466 475 460 457 452 450 444 440 439 439 435 436 439 442 461 485 465 447 466 470 469 443 441 460 474 464 471 483 489 502 511 514 516 516 515 514 511 509 509 513 511 506 511 511 507 500 492 488 483 485 484
464 471 452 462 466 475 483 493 491 492 486 491 474 476 469 457 469 480 490 495 489 478 473 476 474 476 486 492 495 489 486 495 497 495 490 474 463 461 456 450 459 449 446 456 472 457 447 443 443 443 442 440 440 436 439 444 449 473 483 473 468 493 493 455 450 447 461 471 481 481 497 513 515 513 516 516 518 518 516 514 511 513 516 513 512 508 503 497 500 500 500 499 481 484
448 454 449 457 464 470 480 478 472 483 472 483 467 464 458 453 462 465 479 487 489 481 488 479 481 481 481 492 489 484 492 497 489 500 503 488 474 467 461 459 464 452 455 454 460 463 454 452 446 443 440 440 440 439 441 448 464 461 473 494 506 497 479 478 484 476 473 472 481 501 516 518 519 519 519 519 519 519 519 516 516 517 516 516 514 504 500 503 505 507 511 505 486 491
452 452 462 471 463 454 463 462 458 468 461 464 458 450 450 453 457 458 466 473 491 497 495 488 484 489 490 481 486 484 489 485 486 492 500 500 492 473 466 460 456 453 460 460 454 462 460 451 448 451 447 444 443 440 444 453 452 470 496 503 516 514 499 496 492 486 476 481 494 497 507 515 519 521 521 521 521 521 521 521 519 515 507 500 500 502 502 503 504 500 507 512 510 503
446 452 449 460 452 444 446 447 451 449 448 447 445 448 446 448 450 456 458 472 487 492 489 484 480 484 489 496 498 490 486 484 483 486 486 495 492 482 474 467 468 464 475 464 463 483 477 465 463 454 448 446 443 443 447 453 465 488 485 496 507 519 518 507 508 499 489 481 507 519 516 522 522 522 522 522 522 522 522 521 521 522 504 500 488 503 507 503 503 501 503 513 508 510
437 442 440 445 440 438 437 440 440 438 438 441 441 445 445 450 458 458 461 465 480 490 484 486 481 484 494 496 503 499 492 494 493 495 492 492 506 503 487 485 493 482 476 465 472 480 478 477 476 468 451 449 445 443 449 466 480 474 470 481 493 508 521 518 507 504 492 499 507 516 516 519 523 524 524 524 524 524 524 523 523 522 522 522 492 489 496 496 503 504 505 509 503 510
433 433 435 436 433 433 434 437 436 441 444 446 447 450 453 456 456 464 475 483 498 498 498 496 487 484 497 500 500 498 500 507 500 500 500 492 503 509 505 507 509 497 490 475 487 472 463 457 458 458 452 449 447 446 458 460 455 454 455 461 474 481 497 521 521 514 507 506 499 503 509 516 525 525 526 526 527 526 525 525 525 525 525 505 488 480 485 486 492 515 507 506 506 514
429 429 429 430 433 436 443 444 445 441 446 450 445 450 453 464 478 480 488 505 510 511 507 494 498 496 489 493 497 506 514 513 502 500 497 492 497 503 509 517 516 503 495 496 493 483 480 468 460 454 454 449 448 450 452 450 452 455 463 458 461 464 480 507 519 522 512 509 516 509 506 515 523 525 525 525 527 527 527 527 498 485 489 484 478 484 479 485 507 508 506 505 508 508
426 429 433 433 436 440 443 452 444 442 445 455 449 453 464 480 488 494 494 496 503 502 501 487 491 496 499 495 495 503 508 509 506 503 503 506 497 500 508 516 521 519 511 498 481 468 465 459 458 455 451 454 449 450 452 460 469 464 469 481 469 466 474 487 519 515 512 509 520 524 524 524 520 525 525 529 529 530 528 528 502 484 478 479 477 479 487 508 514 507 501 502 501 501
429 429 432 436 440 438 437 440 446 448 447 447 449 460 477 472 472 486 480 471 488 479 480 465 467 479 495 505 498 506 512 510 506 506 511 511 503 497 506 517 522 522 511 498 486 480 468 468 476 458 455 462 452 451 452 455 474 488 481 491 487 484 507 504 522 525 520 525 515 527 527 527 521 527 529 530 530 531 529 530 527 523 484 480 482 489 511 518 523 511 507 502 497 495
429 427 429 432 432 436 441 443 443 445 441 442 452 463 469 459 464 477 467 458 471 466 458 455 460 467 477 495 506 502 510 518 511 516 518 517 508 499 508 513 519 520 520 501 487 480 479 479 465 458 461 465 455 453 455 455 472 481 506 508 505 510 517 525 527 527 527 528 524 529 527 524 529 527 530 530 531 513 490 493 489 505 494 482 479 494 494 511 514 516 511 508 504 500
429 429 429 432 433 436 438 438 436 438 438 441 449 449 456 450 461 461 453 450 453 450 451 457 462 468 473 481 502 509 509 515 515 519 524 521 513 503 506 517 519 521 520 509 501 503 493 488 488 470 468 466 456 455 469 461 464 488 502 502 511 517 522 525 528 528 529 527 529 529 524 524 527 531 530 531 531 532 501 493 492 491 489 482 486 489 497 494 497 500 504 501 515 515
428 429 429 430 431 434 435 435 435 438 438 441 442 442 446 446 449 452 447 447 447 453 458 461 469 480 491 499 506 516 516 509 499 510 522 522 517 508 508 516 517 518 517 522 516 508 491 502 506 480 483 465 458 456 466 471 463 488 489 508 515 517 519 525 525 525 517 512 523 515 499 496 500 503 509 510 508 511 492 485 504 496 486 482 495 488 501 487 485 488 498 497 503 507
