R4dNHC/data/bio/bio_19.asc
NCOLS 1249 
NROWS 465 
XLLCORNER -86.9583333333333 
YLLCORNER 33.5416666666667 
CELLSIZE 0.00833333333333333 
NODATA_value -3.4e+38 
[rows 287 to 327 of 465, columns 376 to 469 of 1249]
434 434 430 431 431 434 434 435 435 436 438 438 439 442 442 444 443 444 446 449 450 452 453 458 470 477 481 493 508 516 509 503 488 504 519 522 522 515 511 514 518 521 508 513 521 511 504 506 499 479 473 465 461 458 466 481 471 478 492 505 517 517 519 525 518 500 494 488 490 484 485 486 482 481 486 486 489 498 492 484 500 501 492 480 490 482 485 484 490 503 512 497 496 493
430 430 431 432 432 434 434 440 435 435 441 440 445 445 444 455 447 449 446 449 458 458 455 458 462 467 477 489 504 513 508 492 483 500 510 514 520 517 517 518 522 521 508 492 506 496 487 494 498 483 479 463 459 460 463 478 484 474 482 502 512 516 518 524 525 505 486 479 477 478 481 482 477 478 478 485 492 486 482 478 486 497 491 479 478 474 482 485 485 493 504 499 490 493
433 434 433 433 433 434 435 435 437 443 448 445 460 455 446 454 454 461 451 454 454 461 469 474 465 468 478 495 511 510 497 492 478 486 500 512 522 519 520 521 525 520 505 487 480 487 477 486 486 483 481 470 462 460 476 485 479 484 502 511 519 516 516 522 528 518 503 493 478 475 475 479 478 475 478 478 483 481 475 477 496 501 498 492 487 475 475 479 483 488 488 493 489 492
433 433 433 433 433 434 434 435 437 444 456 450 450 454 454 462 466 472 461 465 454 458 469 488 482 483 493 504 505 504 492 481 473 489 510 516 523 512 514 517 522 511 498 487 470 472 472 483 490 483 479 472 463 463 474 467 469 485 499 510 514 516 521 519 522 503 492 490 491 478 472 475 475 475 480 475 478 474 475 485 494 495 504 504 492 482 469 471 490 493 486 490 489 489
430 430 430 432 432 434 434 435 437 446 448 443 441 445 448 462 476 477 479 472 468 469 483 491 508 499 496 496 493 495 486 478 473 489 497 507 518 503 497 501 511 513 493 480 475 470 472 483 486 480 476 469 464 463 467 463 471 491 498 504 501 507 522 513 506 492 485 479 485 478 481 473 469 475 475 472 472 470 475 489 486 494 494 485 490 485 468 469 490 491 482 486 486 481
431 431 430 432 433 433 435 436 437 439 439 441 441 447 454 465 482 493 495 494 495 491 497 502 497 490 480 491 484 491 485 475 470 490 486 501 510 497 487 497 505 511 498 480 475 474 469 470 470 470 470 470 466 463 464 468 475 484 499 508 506 514 522 515 500 492 486 474 471 476 471 472 467 471 467 470 470 469 475 490 489 482 479 477 471 468 475 482 485 490 493 488 472 469
431 430 431 432 434 433 435 435 436 436 440 443 443 450 462 484 495 480 487 491 491 485 483 491 477 477 472 489 483 480 489 478 468 478 482 491 501 489 486 492 487 497 492 482 483 482 472 477 470 470 470 466 466 465 464 467 471 495 504 522 520 528 530 529 515 498 485 478 473 469 467 467 465 462 476 477 475 475 486 486 489 483 475 482 465 468 479 490 492 492 489 470 452 459
438 445 445 438 435 433 435 435 436 439 449 464 450 455 466 492 494 468 465 473 477 468 473 472 469 467 469 487 484 478 478 474 472 475 486 495 497 482 486 479 478 493 505 498 498 501 490 495 490 480 470 467 465 465 466 474 484 498 506 510 514 526 532 529 523 518 490 493 485 482 478 471 467 455 471 469 472 472 482 481 475 472 476 475 464 476 481 484 488 488 478 446 433 439
457 465 455 442 436 433 435 435 439 449 459 469 458 466 468 477 476 462 455 465 470 468 459 458 459 462 471 485 485 484 475 475 469 480 486 486 481 482 478 473 476 484 493 497 493 502 506 492 481 470 468 468 467 467 472 483 487 492 502 507 519 525 518 516 507 505 494 495 485 482 478 473 461 452 458 462 469 469 466 461 464 472 483 469 462 467 479 479 479 479 473 453 430 428
463 460 441 435 436 435 438 435 438 446 447 449 450 452 454 471 471 459 452 457 473 461 456 459 469 474 477 485 485 485 486 482 472 475 481 475 475 476 471 466 475 479 482 494 487 495 491 484 480 469 469 468 468 469 472 487 499 499 502 507 513 513 502 490 502 493 488 485 485 482 479 468 468 463 453 448 451 453 455 467 468 462 475 462 462 462 469 472 472 458 444 435 429 423
441 456 443 435 442 438 439 435 435 437 438 442 446 449 449 461 461 454 452 456 461 454 454 462 469 478 493 493 485 477 485 478 473 466 472 481 471 471 468 464 469 473 475 479 488 477 472 470 469 470 470 472 469 475 488 499 514 514 507 510 502 485 488 486 486 494 476 477 473 476 473 470 468 470 460 446 445 449 456 471 455 462 476 453 455 459 466 469 469 443 418 420 423 412
449 450 441 446 445 443 438 437 440 440 438 441 447 444 450 454 449 450 452 449 452 452 458 459 464 471 488 488 479 474 480 485 468 462 467 469 466 469 466 465 470 464 469 474 482 474 471 471 471 475 487 485 472 478 482 491 496 512 502 492 493 484 472 473 476 483 474 469 470 472 468 464 460 460 466 466 452 445 456 456 445 450 453 451 455 462 464 465 448 426 419 413 412 409
471 464 453 454 448 448 453 448 449 444 440 439 441 441 443 445 448 453 455 461 466 466 460 465 468 470 480 485 480 474 474 474 475 471 461 464 464 468 463 467 464 470 481 491 487 484 485 481 480 477 482 480 472 472 477 481 490 503 496 480 475 476 480 472 466 469 473 466 463 459 457 459 459 469 473 460 449 451 443 445 458 453 463 464 457 473 465 457 431 418 414 410 407 407
485 485 471 471 465 459 461 445 440 440 443 445 443 442 447 450 450 451 458 463 467 472 475 484 476 478 488 482 477 477 479 474 468 465 459 465 464 469 464 467 470 480 490 487 487 490 490 492 492 495 491 480 472 479 492 493 496 506 500 493 478 472 472 477 471 459 466 463 454 454 454 457 452 466 466 452 445 446 447 462 463 462 470 470 460 469 467 452 427 416 410 406 408 410
465 486 486 479 468 449 446 440 440 449 455 450 440 443 455 466 469 463 459 466 473 477 481 484 476 472 481 481 473 471 474 474 468 462 462 468 465 462 466 470 479 482 484 484 484 488 490 498 506 503 492 477 475 481 493 482 479 486 485 488 488 477 466 466 464 455 450 450 453 452 449 451 458 472 455 447 446 452 472 468 464 469 459 457 452 454 451 436 420 416 411 409 407 408
467 485 497 479 456 446 444 440 445 455 464 453 443 447 450 465 483 480 477 466 481 493 498 495 476 467 473 478 471 467 465 466 464 459 459 462 460 461 472 472 480 481 483 483 487 499 498 495 495 484 476 470 472 472 485 485 476 473 473 472 473 470 464 454 456 457 463 464 454 453 449 446 454 462 449 444 449 453 462 459 453 462 460 452 448 450 443 432 420 414 412 409 405 407
464 491 497 483 464 449 442 446 453 466 462 452 443 454 459 458 469 489 493 488 484 498 495 495 484 468 467 469 472 475 466 458 461 458 459 464 462 466 472 483 477 480 481 484 487 481 480 479 472 470 469 469 470 470 482 482 476 470 465 464 463 463 460 455 460 466 470 470 463 464 451 443 449 446 445 451 457 467 454 450 450 454 450 449 448 447 446 443 419 414 410 410 406 404
485 500 497 482 471 458 464 458 467 468 460 451 443 458 473 480 480 486 497 502 506 498 487 484 489 475 466 462 468 472 464 459 464 463 458 465 470 469 477 480 477 477 480 477 477 472 470 468 468 467 467 467 468 471 473 476 479 473 473 472 467 464 463 463 466 456 453 456 456 456 444 444 444 448 449 463 463 456 451 448 450 449 448 447 444 446 451 448 427 419 411 406 405 405
495 507 504 492 482 479 471 452 453 451 448 446 444 451 465 473 468 473 480 488 501 494 491 487 482 484 468 457 465 464 465 464 463 463 460 467 470 470 476 480 474 468 472 474 474 475 472 475 472 469 467 470 472 482 481 476 479 466 470 479 479 484 476 468 465 466 461 450 447 447 444 450 451 459 461 460 456 450 448 447 447 449 444 444 444 448 449 449 435 424 420 408 409 406
484 503 498 489 481 472 460 451 457 461 451 448 445 449 451 457 460 465 476 485 491 485 482 481 477 477 478 463 458 459 459 462 456 456 457 469 467 467 467 468 468 474 474 474 477 484 475 467 469 466 466 469 470 469 458 465 466 458 462 479 486 471 464 459 453 459 461 454 450 442 448 450 453 461 459 450 450 450 445 443 446 443 441 446 448 447 447 447 440 413 411 408 408 408
485 496 485 472 469 462 464 473 479 471 458 451 446 454 460 464 476 474 483 494 494 491 488 488 487 471 468 463 461 453 455 459 455 463 460 463 460 470 481 487 479 471 468 465 465 470 469 465 467 466 468 470 475 471 455 451 457 454 453 460 472 476 462 453 450 451 451 450 445 449 444 445 446 450 450 447 446 446 447 445 441 441 443 447 446 444 444 438 431 418 410 406 404 407
475 482 471 475 476 462 465 475 484 482 465 451 451 451 463 466 481 483 494 499 491 488 485 482 477 477 468 456 455 458 457 454 455 457 459 463 466 484 495 487 472 470 472 472 470 466 467 467 465 465 467 470 471 467 456 451 449 451 448 455 458 453 461 459 451 447 441 440 441 451 455 449 450 444 444 446 448 447 445 441 441 444 445 445 444 446 439 427 419 411 408 405 406 404
462 460 461 478 472 466 459 462 465 462 460 456 454 456 458 465 473 476 485 492 488 481 477 477 474 470 466 460 458 453 457 457 454 462 477 469 468 472 477 480 475 472 472 472 472 469 466 469 464 466 467 462 456 453 454 452 454 448 447 447 451 451 455 463 458 454 438 444 451 455 462 454 455 448 446 444 447 444 440 440 440 444 444 444 444 446 444 424 410 410 410 408 410 405
446 453 462 483 483 475 469 462 460 462 456 453 459 466 469 473 474 476 478 493 496 485 480 478 473 470 467 463 453 456 454 456 453 462 472 467 463 465 471 474 476 475 478 472 469 472 469 466 466 467 465 463 468 470 463 466 458 450 447 450 448 445 449 455 449 443 441 449 451 454 458 458 458 451 451 447 442 438 440 440 440 441 441 443 444 445 441 427 415 417 413 412 409 408
451 458 473 483 483 491 485 483 477 472 459 465 466 476 470 480 487 484 479 485 496 485 481 475 472 472 466 464 459 456 460 456 455 463 464 462 461 464 467 471 478 472 472 469 468 468 471 465 466 471 476 473 470 461 454 454 452 452 444 448 446 444 437 440 434 437 440 443 445 450 454 454 457 454 451 447 435 438 445 445 445 446 445 447 444 442 437 428 422 411 409 407 404 405
471 478 478 469 473 490 487 492 496 475 466 479 471 481 491 490 497 492 490 494 494 489 478 473 471 468 466 462 456 460 461 456 454 456 458 460 463 464 467 471 475 477 476 475 471 465 462 462 464 469 472 475 471 468 464 461 457 448 441 444 444 440 432 435 444 450 451 452 454 450 453 457 452 452 445 437 438 441 445 447 447 447 447 445 438 434 417 417 418 415 407 404 404 403
480 493 480 468 460 468 470 484 496 484 484 493 480 483 498 498 505 507 498 490 484 481 477 472 468 469 468 450 459 461 460 456 454 455 460 460 462 469 472 476 480 479 482 482 478 472 463 456 463 464 467 471 467 461 460 460 451 448 440 440 442 437 434 439 444 448 452 452 455 451 459 451 448 445 437 435 441 444 445 445 445 447 442 438 426 420 412 410 413 410 408 405 403 401
480 489 477 468 455 458 475 480 484 473 486 493 487 483 489 497 500 508 492 480 472 471 465 469 465 462 452 449 457 454 454 454 458 458 458 455 459 470 475 472 479 474 470 466 466 461 459 455 456 455 458 463 467 460 455 460 452 445 439 437 435 431 438 442 448 449 451 448 447 451 451 448 444 437 432 437 442 445 445 446 444 444 437 428 421 412 408 407 408 408 406 405 402 401
474 476 473 466 458 453 463 470 468 458 473 467 471 483 484 487 490 489 480 474 467 456 450 450 453 453 446 450 453 453 454 461 464 461 461 462 456 465 469 472 480 484 481 472 470 466 461 459 457 457 461 462 461 458 454 453 447 441 435 434 429 434 434 439 445 447 447 445 448 450 448 444 438 429 438 442 442 442 440 438 439 435 423 423 414 411 407 407 404 406 404 401 403 402
476 468 461 461 459 449 459 463 453 451 453 466 482 474 473 481 484 468 462 467 482 464 452 444 446 447 444 453 450 450 458 467 470 468 465 461 456 464 468 478 488 488 488 480 472 475 465 464 458 453 452 454 458 454 452 449 447 448 443 441 429 438 441 441 445 445 445 446 447 447 445 435 432 438 438 442 438 434 431 434 435 433 423 414 411 410 407 405 403 404 402 401 400 401
469 460 457 454 451 444 449 453 443 444 463 473 473 467 472 476 479 457 448 457 460 455 449 448 442 444 443 448 448 457 463 470 471 464 464 461 456 456 463 478 482 475 475 469 464 464 457 453 454 457 457 453 466 468 458 450 444 441 439 437 426 441 448 448 448 448 448 446 445 441 434 428 436 429 428 436 425 429 434 441 441 438 431 416 409 408 406 406 405 402 402 400 400 398
469 462 454 452 445 442 443 449 440 449 463 473 473 460 466 479 471 467 448 441 439 440 443 448 444 440 441 444 448 453 457 464 473 471 473 473 471 459 456 468 463 462 460 456 454 458 454 460 462 467 459 449 457 467 455 451 445 443 439 431 424 436 445 447 445 446 448 443 443 435 431 430 425 425 423 419 419 418 428 438 431 432 425 417 409 405 404 405 402 402 404 402 402 399
466 459 455 446 440 438 437 442 443 447 467 473 463 451 465 469 458 445 442 436 436 436 443 452 446 441 440 446 447 449 451 461 477 483 480 482 477 462 455 455 454 454 459 456 459 454 459 466 464 459 452 452 466 464 450 446 442 442 435 424 430 435 440 443 446 447 443 435 431 435 439 438 432 433 419 409 409 416 421 439 420 413 412 411 406 402 405 404 401 401 401 401 399 398
478 469 462 456 448 442 436 440 440 445 464 459 444 451 460 449 439 437 436 434 434 434 446 453 447 442 440 443 449 445 448 457 468 473 481 475 469 462 462 460 465 461 455 456 466 470 465 471 470 455 446 453 458 453 445 437 435 431 422 430 443 445 444 446 444 442 435 427 433 439 435 437 428 419 418 415 410 410 430 428 411 409 408 408 404 402 404 402 401 397 401 399 395 395
472 468 472 464 459 448 435 434 436 440 444 443 439 447 450 439 437 437 436 434 432 441 445 446 444 441 441 441 445 442 448 449 452 464 475 475 472 471 472 475 473 469 469 462 466 473 468 464 463 458 452 445 439 446 447 434 417 417 428 438 440 442 446 443 437 429 426 435 434 434 433 428 418 415 413 411 413 409 415 415 411 406 407 404 402 400 402 402 399 396 399 397 396 393
470 467 459 455 459 450 438 433 431 435 442 438 436 445 437 436 434 436 436 433 432 437 439 444 442 439 441 443 441 439 445 452 456 458 456 456 463 467 469 479 481 479 475 469 461 460 461 461 458 463 461 454 448 435 432 434 413 431 441 438 438 443 439 430 422 432 433 433 426 429 420 422 425 422 413 409 411 404 406 406 409 403 406 404 402 399 399 398 397 396 397 396 393 394
462 458 457 449 457 455 450 441 433 433 436 433 433 436 436 437 438 433 432 431 429 435 441 442 436 435 436 441 442 441 452 448 455 452 447 446 451 453 460 467 470 475 475 469 457 451 450 453 454 452 452 448 446 443 430 416 416 438 438 436 439 432 424 422 429 435 440 436 420 412 416 422 417 414 412 406 409 405 403 406 405 402 402 405 402 399 399 398 396 395 396 395 393 393
475 465 457 449 446 454 450 440 432 428 427 433 436 434 436 436 433 433 435 431 429 430 431 433 430 432 438 444 444 441 442 443 450 450 445 443 444 447 447 456 456 454 454 456 458 451 447 448 448 449 445 444 446 441 433 430 416 430 432 439 429 411 423 423 425 432 438 429 416 406 407 416 416 413 409 407 405 404 402 402 402 400 400 402 402 401 399 399 395 393 395 395 392 392
467 460 453 444 442 447 441 434 432 434 430 430 430 430 436 434 431 429 428 426 426 427 429 431 434 433 439 447 452 449 442 437 441 444 447 443 441 443 447 451 444 454 450 445 444 447 448 444 444 444 442 443 442 438 438 433 415 412 434 423 413 412 435 430 429 434 431 428 423 412 402 406 411 412 406 407 404 400 400 398 400 400 400 402 401 398 398 397 397 395 394 392 393 392
463 459 451 442 437 435 433 433 433 437 432 430 428 428 432 430 429 428 426 426 432 436 433 432 439 436 442 451 454 443 437 437 439 442 443 439 438 441 450 445 442 447 450 446 441 442 445 445 442 440 438 438 436 435 435 426 413 407 415 407 405 415 433 437 433 428 414 423 411 409 405 401 404 407 404 406 404 403 400 398 397 400 398 400 398 397 397 395 395 396 395 392 392 390
462 456 455 447 447 437 432 430 429 431 433 433 430 427 428 430 429 428 425 432 438 441 434 433 438 438 445 451 449 443 442 439 436 437 437 437 440 441 444 441 441 444 441 445 442 441 442 441 440 436 432 433 433 433 431 433 419 406 403 403 413 424 425 426 428 420 420 407 407 407 404 407 403 403 402 400 400 403 403 400 397 396 397 400 400 398 397 395 392 392 392 391 392 389
