R4dNHC/data/bio/bio_19.asc
NCOLS 1249 
NROWS 465 
XLLCORNER -86.9583333333333 
YLLCORNER 33.5416666666667 
CELLSIZE 0.00833333333333333 
NODATA_value -3.4e+38 
[rows 0 to 40 of 465, columns 658 to 751 of 1249]
240 241 239 240 240 237 238 238 238 237 235 236 237 237 234 235 233 237 245 247 245 234 231 230 230 230 230 227 226 225 224 226 224 223 222 220 220 219 218 217 215 216 215 215 215 215 217 216 215 216 214 214 217 214 214 212 212 214 212 215 216 216 211 206 207 214 212 212 214 208 205 204 201 198 198 198 198 201 201 200 199 198 198 198 197 198 198 197 198 200 199 199 199 201
241 239 241 242 243 239 237 238 238 240 236 234 234 234 235 235 233 238 240 237 238 235 230 230 230 230 227 227 226 224 225 224 223 222 222 220 218 217 216 215 215 216 216 215 215 216 217 215 217 217 216 214 217 214 212 212 212 215 214 215 215 214 212 211 212 216 214 214 213 207 204 201 201 200 200 198 198 201 200 198 197 197 197 197 198 197 198 201 199 198 199 201 205 216
241 240 239 239 241 239 237 239 239 239 237 235 235 235 236 236 237 239 242 235 230 230 229 230 231 227 227 226 225 223 224 223 222 221 220 220 217 217 217 217 216 216 216 215 215 214 215 214 216 217 214 214 214 212 212 213 213 213 213 213 210 212 212 213 214 216 211 211 208 208 204 201 201 200 198 198 201 200 198 200 197 197 197 197 197 198 200 201 201 202 205 214 223 222
241 239 239 240 240 238 236 236 236 236 236 237 237 237 239 238 238 240 239 233 232 230 227 227 227 227 227 225 224 223 222 223 223 220 218 217 217 218 218 218 219 218 216 215 217 216 215 214 214 214 214 214 214 214 213 212 212 213 213 214 210 215 217 214 217 217 217 208 205 205 205 201 198 198 198 200 198 198 197 197 197 197 197 197 199 200 202 207 214 220 223 224 223 216
242 241 240 240 240 239 237 237 237 236 236 235 236 234 236 234 237 239 238 233 232 230 227 227 227 226 225 224 223 222 222 221 219 219 219 219 219 220 219 222 218 216 216 216 216 216 214 214 214 214 214 214 214 214 213 214 215 215 214 209 209 213 214 214 218 218 214 211 210 203 201 198 198 198 198 198 198 197 196 197 198 198 200 201 204 211 220 223 220 214 212 213 208 206
240 239 240 239 238 237 237 237 237 236 233 233 233 233 233 233 233 233 232 230 230 229 227 227 224 225 224 224 224 222 220 220 219 220 220 222 225 222 219 216 217 216 216 215 214 214 214 213 213 212 212 212 212 212 214 215 212 212 209 207 209 211 208 211 214 215 214 208 208 204 201 198 198 198 198 198 198 199 196 197 200 203 208 218 220 217 212 207 202 205 206 205 199 197
239 239 237 238 236 236 236 236 237 236 235 235 233 232 232 232 232 231 230 230 228 227 227 227 225 223 224 222 221 221 221 222 222 223 225 225 222 222 219 219 216 215 214 214 214 213 212 213 214 214 214 214 213 213 213 213 209 209 209 206 207 209 206 208 211 211 210 206 201 201 201 199 198 198 199 200 200 199 197 197 202 217 217 211 204 201 201 200 198 199 198 195 195 196
238 236 236 236 237 238 237 236 235 234 234 235 233 233 230 232 232 230 230 229 229 227 226 226 225 224 222 222 222 221 221 222 223 222 219 222 222 219 218 217 217 216 216 214 214 214 214 214 214 214 214 215 215 212 211 210 211 209 209 205 206 204 205 208 208 207 202 201 199 198 198 198 198 200 203 206 212 209 203 196 202 207 201 198 196 197 198 196 196 196 195 195 195 195
236 237 238 236 236 236 233 233 234 235 235 233 235 233 232 232 232 230 229 229 229 227 226 224 223 222 222 222 222 222 222 222 222 219 219 219 219 217 216 216 216 214 214 214 214 214 214 214 214 212 213 214 213 209 209 209 209 206 206 204 203 202 202 203 202 201 201 201 201 200 198 202 206 211 216 217 209 203 200 196 196 198 196 196 196 195 195 195 195 195 195 196 195 195
236 238 238 236 233 233 235 233 233 233 233 233 232 235 233 232 231 232 229 227 227 225 225 224 224 223 222 222 222 222 222 222 222 219 219 217 216 216 216 214 216 214 214 214 214 214 214 212 211 211 212 215 212 212 210 209 206 207 206 206 203 202 201 201 201 202 201 201 201 201 204 212 223 219 210 206 201 198 197 196 196 196 196 196 195 195 195 195 195 195 195 195 195 195
238 238 239 236 233 236 237 235 235 232 232 230 234 233 233 232 229 229 229 227 225 226 227 225 226 226 223 222 222 222 222 222 219 219 217 216 216 216 216 214 216 216 217 215 214 214 212 211 211 209 209 212 210 209 209 210 207 206 204 203 203 203 203 201 202 201 201 204 203 206 216 227 220 209 203 199 197 197 196 196 196 197 197 198 198 199 198 197 195 195 195 195 197 197
236 238 239 237 233 235 233 233 234 235 236 233 235 233 232 233 232 228 227 226 226 226 226 226 226 223 223 223 223 222 222 220 219 219 217 217 217 216 216 214 214 214 214 214 214 214 211 211 212 209 209 209 209 206 206 205 203 203 204 204 204 204 202 204 204 204 203 205 210 222 224 215 209 202 199 197 196 196 196 197 198 198 201 206 214 218 213 203 197 195 195 197 197 196
236 236 236 239 235 233 235 236 235 237 236 236 236 234 232 232 229 227 226 226 226 225 225 223 225 223 223 222 222 220 220 219 219 219 217 217 217 216 216 214 214 214 214 214 216 214 212 211 209 207 206 206 206 205 206 206 206 206 207 207 207 204 205 205 206 206 209 220 225 217 209 203 200 198 197 196 196 197 198 204 213 201 210 228 231 237 228 206 197 197 197 197 195 195
235 236 238 238 235 235 236 235 236 238 236 234 233 232 231 229 229 229 226 225 225 224 225 225 225 223 222 222 220 219 219 219 219 219 219 216 216 215 214 214 214 215 214 212 211 209 209 209 208 206 209 209 206 206 209 211 213 219 224 226 211 207 208 208 216 219 219 216 208 203 200 199 199 197 196 196 197 198 201 214 225 208 219 225 234 225 209 201 197 197 197 197 195 195
236 238 236 238 235 234 235 236 238 236 236 234 232 231 231 229 229 227 226 226 226 225 226 226 224 223 221 220 219 219 219 219 219 218 217 216 215 215 214 214 212 211 211 211 211 211 210 209 209 209 211 211 213 220 227 229 231 232 238 240 225 228 226 222 218 212 206 203 200 199 198 198 197 196 197 198 198 201 205 220 220 214 222 222 214 204 200 199 197 197 196 196 195 197
235 239 241 237 236 237 232 237 237 236 234 233 233 233 229 229 229 229 228 226 226 226 225 224 222 221 221 221 219 219 219 219 219 219 218 217 215 214 214 214 214 213 213 214 213 216 220 221 222 224 226 224 221 219 218 218 221 232 243 236 225 225 222 216 208 203 200 198 198 198 198 199 199 200 201 204 206 212 223 225 222 225 216 203 200 200 199 197 197 197 197 197 195 196
235 239 240 237 239 237 235 237 236 234 234 233 232 231 231 231 229 228 228 226 224 224 223 222 222 221 221 221 219 219 219 220 218 217 215 215 214 214 214 214 215 218 223 228 228 224 220 216 214 212 210 209 209 211 211 222 232 238 233 226 216 212 209 204 201 198 198 199 199 200 202 204 207 214 220 227 228 228 228 228 228 212 203 200 198 198 197 197 197 197 197 196 196 195
239 238 241 241 241 238 237 236 237 234 234 234 234 235 232 231 228 226 226 226 224 224 223 223 223 221 221 222 222 221 218 218 218 217 217 216 216 218 223 228 231 228 219 213 212 210 209 209 209 210 212 213 217 222 222 218 222 221 212 208 206 201 201 201 201 201 202 203 206 211 214 224 231 230 226 229 234 237 219 211 207 201 199 199 198 198 197 197 197 196 196 196 196 195
240 241 241 241 239 238 238 237 235 235 238 236 234 231 228 228 228 227 228 226 225 224 224 222 223 222 221 221 221 221 218 218 218 218 218 226 233 231 226 218 214 212 210 209 209 210 211 212 213 209 208 211 214 211 208 205 204 204 201 201 201 201 203 204 206 212 219 223 230 233 231 227 223 221 225 234 240 228 212 204 201 200 200 199 198 198 196 196 196 196 196 195 196 197
243 241 241 241 239 238 238 238 240 240 235 232 231 231 231 231 228 228 228 229 228 228 225 221 221 221 221 221 218 218 218 218 218 225 233 232 220 214 213 211 211 210 210 209 213 213 210 206 206 206 204 205 204 204 204 204 204 204 205 208 211 213 219 223 227 228 224 220 221 220 217 217 220 228 231 225 218 211 206 203 201 199 199 198 198 197 198 197 197 197 197 196 196 197
243 243 241 241 241 242 243 240 236 234 233 233 233 233 231 232 231 230 228 226 225 224 223 222 221 221 221 219 218 218 218 223 235 238 223 216 213 213 213 216 217 216 212 209 209 208 206 206 206 206 206 207 208 208 211 213 216 216 216 216 212 210 210 212 213 211 209 211 214 214 217 224 234 243 245 238 234 233 228 218 209 204 201 200 199 199 199 198 199 197 197 196 196 196
243 243 243 246 247 243 237 235 235 237 240 240 236 233 231 230 228 228 226 225 225 224 223 222 221 221 221 220 220 226 235 232 225 218 215 213 213 216 217 213 212 210 209 209 207 206 209 210 211 215 219 223 223 223 220 215 211 208 206 206 205 204 203 203 205 206 208 212 217 222 228 235 237 230 225 222 222 225 231 235 232 225 209 204 202 199 198 197 197 197 196 196 196 196
245 246 248 242 238 236 237 240 244 240 236 233 233 234 233 231 230 228 226 225 225 224 223 223 223 224 224 227 237 233 223 218 216 216 217 219 219 213 211 210 210 210 210 211 211 208 214 226 226 223 218 213 211 208 207 206 205 205 204 203 204 203 203 203 206 209 213 214 220 223 228 225 220 214 211 208 207 209 212 218 228 228 222 220 212 200 196 196 196 196 196 196 196 197
248 243 239 241 241 242 240 240 237 236 236 236 234 233 230 230 228 229 230 230 231 230 230 234 240 247 249 244 232 223 220 220 220 220 217 213 213 212 212 213 218 222 225 224 218 209 210 211 208 208 207 207 207 209 211 208 206 204 203 203 203 202 203 206 208 209 211 214 217 217 217 214 209 207 206 204 204 207 212 216 212 206 206 206 203 199 197 196 196 196 196 196 197 199
243 243 243 246 243 240 240 240 240 238 237 234 233 232 233 230 234 242 250 250 247 241 241 244 251 260 259 250 240 235 227 220 216 213 213 213 213 215 222 230 225 217 212 210 208 206 207 206 207 207 208 211 213 216 210 206 205 204 203 203 203 202 203 206 208 211 214 213 211 208 208 207 204 204 204 206 210 209 204 201 199 198 197 197 197 196 196 196 196 196 197 199 203 206
248 250 245 242 245 245 242 240 239 238 236 233 233 234 236 241 251 255 247 239 232 227 227 232 241 247 239 229 229 225 218 216 215 215 216 218 227 232 227 218 212 210 208 208 208 208 208 212 215 216 219 220 214 213 206 205 204 204 203 202 203 202 203 207 211 214 211 210 208 207 207 204 205 207 211 210 203 198 198 198 197 197 197 197 197 197 198 196 196 201 203 204 202 199
245 243 242 242 242 242 241 239 237 237 236 238 239 247 254 253 250 241 236 230 226 226 229 232 232 231 223 220 218 217 216 217 222 229 231 227 220 218 214 211 209 208 208 208 208 213 222 220 216 213 213 213 209 206 206 204 203 203 203 202 203 202 203 206 208 208 206 206 206 204 203 204 212 212 204 200 197 197 197 197 197 198 199 199 202 206 207 203 199 196 198 198 199 201
242 242 241 242 245 244 242 239 239 242 246 251 258 264 261 254 241 232 229 227 226 232 229 225 222 220 219 218 218 220 226 231 229 222 215 213 213 212 212 211 209 208 211 213 223 223 220 219 216 216 213 208 206 206 205 204 203 203 203 202 202 201 202 202 203 204 204 203 202 202 207 209 204 201 198 198 197 197 198 199 201 205 210 213 209 203 199 197 197 198 199 201 202 200
241 241 242 243 242 244 247 248 251 261 268 268 261 253 246 241 241 241 236 232 225 223 223 222 223 224 229 231 234 234 227 219 215 214 213 215 213 212 211 210 208 211 218 226 223 223 223 220 216 210 208 206 206 204 206 204 203 203 202 201 201 200 202 201 201 200 199 199 200 204 203 200 200 201 200 198 197 198 199 205 215 213 207 202 198 197 197 199 202 203 202 199 199 198
241 242 242 242 247 255 261 266 268 268 261 256 252 249 246 242 241 232 227 225 225 229 233 238 239 235 231 225 221 218 216 215 215 222 233 238 232 222 213 210 209 211 220 220 220 216 216 213 209 207 206 205 204 204 204 203 203 203 203 203 202 200 200 201 201 200 199 201 200 199 199 199 200 200 198 197 198 201 206 215 208 202 199 197 197 197 203 205 202 199 199 199 197 197
241 241 241 244 254 261 266 265 260 256 256 253 244 241 236 232 228 228 230 238 243 246 243 237 229 222 221 219 218 216 216 219 230 245 249 246 235 223 212 210 211 212 223 220 219 214 210 208 207 206 206 206 204 203 203 203 206 208 207 207 204 202 201 201 201 201 204 201 200 199 199 200 199 198 197 200 203 212 212 204 199 197 197 197 200 205 203 199 199 198 197 197 197 199
238 240 242 249 260 267 257 248 251 248 241 237 234 232 231 229 229 232 237 234 231 229 229 225 222 221 219 218 218 218 223 236 246 252 248 240 227 215 211 211 211 217 228 223 220 210 209 208 207 206 206 204 204 205 206 206 209 211 209 207 204 203 204 206 204 202 201 201 201 200 200 200 198 200 202 209 209 205 199 197 197 199 201 205 206 202 199 199 197 197 197 197 197 198
238 240 244 251 257 254 249 241 239 237 235 234 234 237 241 243 240 238 238 238 231 225 222 222 221 219 218 218 220 227 239 247 250 243 233 223 215 211 211 211 213 220 220 217 210 210 209 207 206 206 206 206 206 210 213 214 208 206 204 204 202 202 203 202 201 201 200 200 200 200 199 200 203 212 212 204 198 197 197 200 202 206 205 202 199 198 197 197 197 197 197 197 198 198
243 249 253 247 243 241 241 240 237 237 237 243 247 246 243 243 250 250 251 257 248 240 232 228 225 222 222 224 234 242 244 240 235 224 217 213 211 212 213 216 220 220 217 220 218 218 213 209 209 209 209 213 214 212 209 208 206 205 203 203 203 201 201 201 201 201 201 201 201 201 201 209 215 206 200 197 198 200 206 207 203 200 199 198 197 197 197 197 197 197 197 198 198 199
243 243 240 240 240 240 241 241 246 250 250 246 243 244 247 253 247 242 243 247 244 251 248 246 245 242 240 240 240 236 230 223 217 215 213 213 214 218 224 223 222 219 218 221 221 221 221 214 217 218 215 212 211 206 205 204 204 203 203 202 202 202 202 204 202 203 204 204 204 206 214 212 202 199 198 201 205 208 204 202 200 198 197 197 197 197 198 197 197 198 198 199 199 199
240 239 240 242 245 250 254 255 254 253 254 255 255 252 243 240 240 240 240 240 240 240 240 240 245 256 250 238 228 222 217 215 215 216 217 219 225 224 222 221 219 218 216 218 218 215 215 213 212 211 210 206 206 206 205 204 203 203 204 204 204 204 206 207 207 212 218 222 218 212 205 201 199 200 204 208 204 202 200 199 199 197 197 197 198 199 198 198 198 199 199 199 199 199
247 249 254 259 260 257 257 257 260 262 260 252 247 244 243 240 240 240 240 240 240 240 240 240 245 258 248 230 220 217 216 217 217 226 226 226 223 222 219 218 217 215 215 213 212 212 211 210 208 208 208 208 208 206 204 204 204 205 208 212 219 224 226 222 220 223 220 212 205 202 200 199 200 205 206 202 200 200 199 197 198 198 199 199 198 198 198 198 198 199 199 199 199 199
262 260 254 249 246 248 251 258 268 267 255 249 245 243 243 240 240 240 240 240 242 242 242 245 253 258 242 226 220 219 225 226 220 222 226 225 224 222 222 218 215 212 211 211 212 212 211 210 208 208 206 205 204 205 205 205 208 213 223 233 230 225 215 209 206 205 204 202 201 200 200 202 208 206 202 200 200 197 197 197 198 198 200 198 198 198 198 198 198 200 199 199 199 200
249 245 245 246 249 255 262 274 268 257 251 247 245 243 243 242 240 244 245 245 240 240 242 248 258 248 230 220 220 226 226 222 222 222 222 224 225 222 218 215 212 212 215 211 211 210 208 208 208 208 207 208 208 208 211 219 230 235 228 219 212 208 204 201 202 201 201 200 200 200 202 205 208 202 200 200 200 199 197 197 197 198 198 199 199 198 197 197 198 198 198 200 200 200
245 246 251 256 261 270 280 278 262 257 253 248 245 243 243 242 244 242 243 243 245 248 253 255 245 231 222 222 229 226 225 225 226 222 219 222 222 216 215 213 212 215 212 211 210 211 210 210 211 212 213 216 219 224 231 234 228 219 211 206 204 204 206 204 202 201 200 201 201 202 205 211 205 202 200 200 199 199 199 199 199 200 200 200 199 199 197 197 199 199 200 200 200 200
247 253 261 271 278 283 282 280 268 259 254 248 245 245 245 246 245 242 245 251 257 255 245 235 226 224 229 233 229 229 229 228 225 222 222 219 218 215 215 215 214 212 212 212 211 212 213 218 223 231 237 240 240 240 236 230 224 220 217 213 212 207 204 201 201 202 203 204 204 204 206 208 202 200 200 200 202 202 202 202 200 200 200 200 199 199 199 198 199 199 199 200 200 200
