R4dNHC/data/bio/bio_18.asc
NCOLS 1249 
NROWS 465 
XLLCORNER -86.9583333333333 
YLLCORNER 33.5416666666667 
CELLSIZE 0.00833333333333333 
NODATA_value -3.4e+38 
[rows 41 to 81 of 465, columns 470 to 563 of 1249]
322 322 312 322 316 308 315 308 312 308 313 313 315 308 306 310 313 315 309 306 308 307 306 305 310 317 329 331 327 322 319 317 316 316 317 317 320 319 319 318 319 317 316 314 316 316 316 317 320 313 314 320 313 313 318 324 326 326 326 320 318 314 313 314 315 316 313 316 318 319 321 321 321 319 317 317 318 321 319 320 323 320 318 316 320 323 320 320 322 322 320 317 318 319
323 317 315 319 318 309 312 317 311 310 313 310 311 313 306 307 313 310 314 307 307 308 314 324 329 329 326 320 313 313 313 315 317 319 317 317 320 322 324 323 320 317 322 323 324 323 319 326 324 319 315 318 313 316 320 321 318 320 320 317 313 314 315 316 315 312 313 317 315 317 318 321 320 317 319 317 319 320 321 323 322 323 317 317 317 318 322 323 323 320 318 318 320 318
320 315 319 324 318 311 308 312 317 317 310 309 312 311 310 306 312 317 313 310 319 327 331 327 323 316 311 312 309 312 313 317 319 320 319 323 326 329 333 336 326 323 331 330 325 329 329 332 332 326 324 318 314 312 318 318 315 314 314 314 318 315 318 319 315 313 315 319 316 314 317 321 317 319 319 320 320 319 322 321 320 316 318 322 319 315 318 320 323 320 320 320 323 321
326 323 328 322 318 311 317 308 317 310 309 315 310 313 310 306 307 313 321 327 333 329 323 316 312 309 311 313 313 313 313 316 317 320 325 335 340 342 348 338 326 335 333 325 325 325 325 329 328 326 324 320 314 314 316 315 315 315 315 315 320 319 317 321 321 313 315 317 316 318 322 319 316 319 321 321 321 321 322 321 318 317 315 321 322 318 318 320 321 323 323 323 326 324
324 322 322 316 322 312 324 311 310 310 321 315 313 310 309 310 317 327 334 332 325 316 314 309 310 313 317 324 316 319 321 321 324 320 326 338 339 348 348 339 341 335 329 325 323 323 325 329 326 323 321 318 315 315 323 317 320 321 315 315 318 321 322 321 316 315 315 316 314 320 321 321 316 321 322 320 323 322 321 317 320 318 316 317 322 320 318 315 320 323 320 323 323 320
324 323 322 322 314 319 327 324 315 306 312 308 309 313 319 326 333 335 328 321 314 310 310 314 316 322 336 331 317 321 328 332 336 333 333 336 330 339 342 352 348 342 331 324 323 324 322 326 328 323 323 321 323 315 323 323 320 319 318 318 318 318 323 320 315 318 318 318 319 321 324 320 316 318 318 320 322 324 322 319 321 317 319 316 320 321 318 316 316 316 319 320 321 325
326 326 327 322 318 324 327 324 317 308 311 313 322 330 335 333 330 322 317 310 310 314 319 329 332 338 344 335 327 327 327 334 339 335 336 336 325 326 334 345 338 341 332 325 325 322 326 326 326 324 321 325 326 321 323 324 322 324 320 320 325 324 321 320 315 316 316 321 325 324 325 322 316 318 322 325 325 322 322 320 320 320 320 320 320 322 321 319 320 317 323 322 324 330
320 327 330 325 324 320 315 311 308 315 325 333 333 330 326 319 317 310 310 310 316 323 320 322 325 333 344 340 339 341 338 348 342 332 326 332 329 322 327 337 335 328 326 326 326 322 322 323 323 324 321 322 322 322 325 326 329 326 325 321 324 325 324 320 318 320 320 318 327 324 319 319 318 322 319 324 325 327 325 321 320 322 322 321 320 325 325 320 324 317 318 322 325 328
322 325 325 318 315 313 315 315 324 333 333 328 321 316 315 311 310 310 314 314 314 314 323 332 338 347 350 347 349 347 342 347 332 329 324 324 331 322 321 325 332 329 325 326 329 325 323 322 324 325 325 319 323 323 326 326 326 326 326 325 326 327 326 323 319 321 324 319 327 324 320 324 322 319 322 322 324 327 327 325 322 322 327 322 320 322 325 324 324 320 325 323 322 325
319 317 318 318 327 331 333 334 333 329 320 316 312 311 310 313 317 314 323 330 332 324 321 325 336 344 341 349 347 335 332 341 339 329 320 324 329 323 317 325 332 327 326 325 326 327 326 321 323 321 323 319 321 320 323 326 326 327 326 327 326 327 327 326 321 324 326 321 324 324 324 324 324 320 324 327 327 327 327 327 320 324 327 322 325 325 322 325 320 325 324 323 327 325
327 325 322 334 331 327 325 322 317 315 312 313 317 320 320 325 330 319 321 327 338 336 341 342 348 338 344 353 341 338 325 332 336 325 320 321 323 319 317 325 329 325 326 326 323 323 326 321 321 319 321 319 320 322 323 324 324 324 324 326 326 327 327 324 321 322 324 321 322 326 327 326 324 323 327 327 327 327 327 325 324 322 327 324 325 325 324 322 319 320 320 324 327 328
334 332 329 326 319 316 313 314 315 316 322 328 333 337 340 344 348 335 327 340 348 351 350 342 341 331 339 350 342 327 322 327 332 325 319 320 319 317 323 325 320 319 324 326 326 323 323 323 323 323 318 318 320 323 326 323 323 324 324 324 327 327 327 326 325 321 325 324 319 324 325 327 325 325 324 325 327 330 330 330 327 327 325 327 325 320 317 317 317 315 320 320 324 327
320 320 317 316 315 313 314 314 314 318 327 330 326 321 330 328 332 343 342 345 354 345 348 342 326 325 340 335 347 335 323 319 324 332 322 317 316 317 320 319 317 320 324 322 323 323 323 323 320 320 318 321 321 323 326 324 323 324 324 324 326 327 327 329 326 322 326 323 316 319 319 321 324 324 325 327 328 330 330 329 330 330 327 325 322 319 322 322 319 315 320 324 325 327
318 318 318 320 316 318 324 327 324 322 315 315 321 324 322 321 320 323 330 342 351 350 336 329 322 323 328 326 331 325 320 318 320 329 329 323 319 317 320 317 318 320 322 320 323 323 323 323 320 320 318 320 318 321 323 321 324 323 324 324 327 327 328 329 327 323 325 319 316 319 321 325 325 320 321 325 329 330 329 327 327 329 327 325 319 317 319 322 320 315 320 322 322 320
325 329 331 325 318 321 340 347 346 335 331 324 333 345 340 326 337 328 323 330 342 352 354 344 329 321 317 319 319 317 316 316 320 326 332 322 317 314 318 316 320 322 324 319 321 321 324 323 320 320 321 317 320 321 317 320 321 324 325 327 327 329 329 329 326 327 326 319 316 321 324 322 319 316 319 322 324 324 322 321 319 324 324 322 319 317 317 319 319 315 316 317 317 317
345 346 342 334 321 318 330 336 350 350 350 336 338 353 341 339 353 348 334 327 339 351 340 336 334 329 322 317 314 314 318 320 326 329 323 319 317 319 314 318 320 320 320 320 321 319 321 319 318 322 318 319 320 316 317 317 321 325 327 324 320 324 327 329 327 325 320 316 315 316 316 316 316 319 319 319 318 318 318 322 317 317 319 317 317 316 314 316 317 314 314 315 315 317
351 352 351 331 331 327 321 325 334 344 351 350 354 353 354 345 353 345 334 330 339 354 345 332 324 320 318 319 318 313 316 320 325 322 316 317 317 320 314 318 320 320 317 321 319 319 318 317 320 318 318 318 318 317 321 319 317 317 318 316 315 315 316 318 316 315 315 314 315 316 316 319 320 320 319 319 316 316 314 319 319 316 314 314 314 314 314 314 315 316 314 314 315 314
345 353 352 341 345 339 327 323 322 324 329 331 333 336 348 354 351 351 354 342 336 351 351 339 333 326 319 317 315 313 318 317 319 317 317 313 317 318 316 320 320 316 315 320 315 315 316 318 318 320 324 332 333 330 326 329 327 322 320 321 318 316 316 316 316 316 316 316 316 314 314 316 316 316 316 319 319 318 314 314 316 316 312 314 314 313 314 314 314 316 313 312 312 313
343 348 352 356 351 342 339 339 335 332 331 329 336 350 353 356 362 359 356 342 351 349 334 329 324 320 317 319 317 312 316 319 317 314 313 311 312 312 314 315 315 317 321 322 323 323 326 328 327 334 338 341 340 332 330 333 332 327 329 329 322 324 322 321 322 321 321 321 318 316 316 314 316 315 315 316 316 314 316 311 314 314 314 311 311 313 314 312 312 311 310 312 312 314
353 355 355 353 354 352 352 352 353 342 344 340 343 356 362 360 358 365 359 358 352 339 329 326 326 321 317 315 314 316 312 314 314 313 313 315 317 318 320 324 330 332 332 324 319 317 326 335 338 343 346 349 340 332 333 338 341 337 334 329 329 326 322 326 325 326 325 324 321 320 318 316 314 314 314 315 314 312 314 314 311 311 314 311 311 313 311 311 310 310 312 313 314 313
353 352 350 350 342 342 352 356 356 356 356 356 353 357 356 343 352 353 357 355 352 340 333 332 326 320 319 319 318 314 310 309 313 320 323 326 330 334 335 332 328 320 314 309 308 312 327 343 346 350 354 349 343 334 341 343 346 341 337 334 332 329 328 328 330 330 328 325 322 322 321 320 317 314 311 312 314 314 311 311 311 314 313 310 311 311 309 309 309 309 311 311 311 309
337 348 334 342 330 342 345 350 358 353 356 355 359 346 335 338 345 345 341 351 347 335 325 320 320 317 317 317 317 311 310 317 322 329 332 332 334 331 323 312 310 309 309 308 311 323 338 349 351 355 357 354 346 344 346 346 344 341 338 337 336 332 332 329 329 326 326 325 324 323 322 321 318 316 313 311 313 314 312 309 310 310 309 309 309 309 309 310 311 310 309 309 309 309
324 328 324 325 334 348 354 356 353 348 344 344 341 338 329 333 332 338 346 340 333 325 321 320 317 317 317 314 313 319 310 320 327 326 315 313 312 310 308 308 309 309 308 309 317 340 350 347 347 355 351 349 346 341 341 339 339 338 337 336 334 334 335 331 329 326 323 323 323 322 321 320 317 316 313 311 310 311 309 310 312 311 311 310 309 310 309 310 310 310 310 309 310 310
333 328 330 323 335 347 350 344 339 339 329 336 328 326 328 333 339 338 335 327 323 320 320 317 317 317 314 317 323 320 316 309 310 308 306 306 305 307 306 308 308 306 309 315 332 342 345 341 346 348 351 351 346 343 340 334 335 338 337 333 330 334 333 332 332 330 328 324 322 319 318 317 317 316 313 311 307 310 314 316 315 312 311 310 310 310 310 310 310 311 310 310 310 310
348 345 330 326 325 327 331 330 327 324 327 327 329 333 333 329 326 326 323 323 320 320 320 317 317 317 323 326 323 323 316 305 305 307 306 305 308 308 309 308 306 311 324 337 341 340 341 343 343 343 346 346 340 335 334 330 331 333 333 334 330 332 330 330 329 329 324 322 321 319 317 313 315 314 313 312 308 311 311 311 312 311 310 310 310 310 310 310 311 311 311 311 312 314
354 343 342 330 330 330 326 327 327 333 332 330 327 325 324 323 322 321 320 320 320 320 322 322 321 326 331 325 321 309 305 305 306 308 308 308 308 307 306 305 309 326 340 341 340 340 343 343 335 338 338 339 334 328 327 326 324 333 332 333 333 331 331 329 328 326 325 324 322 318 313 310 314 313 310 306 307 311 312 312 312 311 310 310 310 310 311 311 313 314 314 315 317 317
351 348 345 333 333 334 327 325 327 326 323 323 323 322 321 321 321 322 321 321 323 323 323 324 329 333 323 312 306 309 314 315 315 313 308 308 308 307 306 306 312 324 335 344 342 343 342 338 331 332 336 338 332 324 324 327 321 326 329 333 333 333 333 327 322 319 317 316 313 312 308 307 308 306 307 309 312 312 310 308 308 310 310 310 311 312 312 313 316 318 316 317 317 319
333 331 338 342 330 324 321 321 321 321 322 323 323 322 322 322 321 321 321 321 323 325 326 326 326 317 308 308 310 318 329 323 315 311 309 315 324 323 318 309 314 327 339 343 339 340 340 332 326 328 335 335 330 318 326 321 322 326 327 327 323 321 324 321 318 316 313 309 306 306 303 304 305 306 309 309 308 307 307 307 307 309 311 312 314 315 315 314 316 317 319 319 319 317
327 324 328 330 324 322 321 321 321 323 323 324 322 322 321 322 323 326 326 329 330 332 326 317 308 308 308 314 325 329 328 320 313 311 318 338 341 330 323 319 317 336 337 339 342 342 338 332 320 323 330 327 321 313 316 316 321 322 319 317 316 313 313 311 310 308 306 306 304 303 306 308 307 306 305 306 306 306 307 308 310 312 312 315 316 318 315 317 319 319 319 319 317 317
324 325 326 324 321 321 323 320 321 323 323 323 320 324 326 329 331 333 335 335 332 322 311 308 308 308 310 319 330 334 328 319 312 318 337 341 338 335 337 336 328 329 336 340 337 334 332 329 323 315 319 312 310 312 316 315 311 309 307 306 304 306 306 305 304 305 305 305 303 303 305 305 307 307 305 306 307 309 312 312 314 314 312 316 319 318 318 318 318 316 317 317 317 314
325 324 324 321 321 321 321 320 323 323 320 323 327 331 334 334 337 335 331 323 312 309 308 308 308 308 309 314 326 328 321 314 317 335 342 339 337 335 337 340 337 337 340 337 330 326 323 323 315 310 308 310 314 310 307 306 305 306 307 306 304 305 303 303 303 303 303 303 303 305 307 305 307 308 308 309 309 312 313 315 315 315 315 319 319 318 318 316 316 315 316 315 314 313
324 324 324 323 321 321 321 321 323 321 323 329 334 336 336 333 327 321 313 309 310 309 307 307 308 308 310 319 327 320 314 320 332 338 339 344 345 341 333 330 330 338 337 333 327 321 318 315 315 311 306 305 305 308 308 310 311 308 307 306 303 303 303 303 303 300 301 303 304 306 307 308 309 312 313 312 314 312 314 314 316 317 317 316 318 318 317 316 315 315 315 313 313 315
324 324 322 322 324 319 319 321 321 321 327 327 323 320 317 315 311 311 312 319 320 311 308 306 308 313 321 323 318 311 317 334 345 338 332 341 341 337 334 332 321 328 331 329 324 320 315 310 306 305 305 305 302 304 306 308 308 306 304 304 303 303 303 300 301 303 304 307 308 310 310 309 312 313 314 317 317 317 314 317 317 316 316 316 316 318 315 314 315 315 312 313 313 313
322 324 322 320 318 319 321 323 323 323 318 315 314 311 309 311 315 322 327 330 323 311 309 308 313 324 323 314 311 320 328 341 342 338 329 335 332 332 333 331 324 314 321 320 313 312 309 306 308 312 307 307 305 302 304 306 305 304 304 303 303 300 303 303 305 308 308 311 314 314 314 314 317 317 317 317 317 317 316 317 316 315 315 316 315 315 314 314 315 313 312 312 312 315
321 320 320 324 326 326 322 317 317 318 317 314 312 311 309 313 320 321 317 314 311 309 311 316 326 321 312 310 318 335 343 341 334 339 335 326 323 326 329 320 320 313 312 313 310 306 308 310 310 310 307 307 307 306 302 303 303 303 303 300 302 303 306 308 309 309 312 313 314 314 314 314 317 315 317 316 316 314 314 315 315 315 315 312 315 312 312 315 312 312 312 313 317 319
318 323 323 320 320 318 319 317 317 316 312 310 311 311 308 309 309 309 309 309 309 312 321 328 321 313 310 323 337 340 343 340 338 331 328 323 318 315 316 315 310 309 307 307 308 308 310 307 305 305 306 305 304 303 302 302 300 300 303 303 307 308 308 313 314 314 314 313 312 312 313 315 316 314 314 315 315 315 312 314 313 314 312 313 312 312 312 312 312 312 315 318 317 317
318 315 314 316 315 315 314 315 315 315 314 312 312 311 308 308 308 311 312 314 320 327 325 317 312 308 311 331 340 339 338 338 338 332 326 319 315 310 310 307 309 309 304 310 312 309 306 304 305 307 302 302 302 302 300 300 303 305 305 306 309 313 313 316 314 313 311 312 312 312 312 314 314 312 312 314 314 314 312 312 312 312 311 311 312 311 312 312 312 317 317 315 314 314
318 315 314 313 315 315 317 316 315 313 312 309 309 309 309 311 315 323 330 328 325 320 316 312 312 308 306 311 325 334 331 332 334 329 320 317 308 308 310 312 310 309 307 306 308 306 304 302 305 304 302 302 302 300 300 302 303 305 309 313 313 316 316 314 312 312 312 309 312 311 312 312 311 312 312 312 312 312 310 312 309 309 312 311 310 312 315 315 317 316 315 315 313 312
315 316 317 314 315 316 315 312 312 311 312 311 311 311 316 322 326 331 325 325 328 328 325 326 329 322 314 309 308 320 327 325 325 321 314 306 306 312 312 310 307 307 304 304 302 302 302 302 302 302 300 300 300 300 303 305 308 311 313 316 316 314 312 313 312 312 312 309 310 309 312 312 309 311 311 311 312 310 309 308 309 309 309 312 316 316 315 315 313 312 312 312 314 317
318 318 318 318 314 314 313 313 312 312 317 320 322 329 329 328 325 323 321 325 320 318 317 320 323 329 329 320 311 306 324 320 320 318 307 306 310 312 310 307 307 304 304 302 304 307 307 305 306 302 300 302 302 303 305 309 311 312 313 316 314 312 311 312 312 312 309 307 309 309 309 310 309 309 309 309 308 308 308 309 312 314 315 315 315 312 312 312 310 310 313 317 323 326
319 318 316 315 314 311 311 314 317 323 329 340 336 332 326 322 319 319 317 316 314 312 311 311 312 322 331 320 311 306 316 314 312 309 306 304 311 310 307 306 304 304 304 304 305 305 305 305 304 302 300 302 303 305 309 313 312 310 313 312 312 309 312 312 312 309 306 306 307 306 306 306 306 306 306 306 308 310 312 315 314 314 315 312 312 312 309 310 312 317 322 324 320 314
