R4dNHC/data/bio/bio_18.asc
NCOLS 1249 
NROWS 465 
XLLCORNER -86.9583333333333 
YLLCORNER 33.5416666666667 
CELLSIZE 0.00833333333333333 
NODATA_value -3.4e+38 
[rows 41 to 81 of 465, columns 282 to 375 of 1249]
329 331 333 333 329 332 335 331 328 331 325 328 328 328 331 331 330 329 328 327 324 324 324 327 327 327 328 328 328 327 325 324 322 321 320 322 324 322 323 324 324 323 323 322 322 323 321 323 322 322 323 321 321 319 319 320 320 320 318 318 319 319 318 317 317 317 318 319 320 320 320 321 321 322 322 323 324 324 326 326 327 327 328 328 329 331 331 331 331 333 332 334 335 333
328 328 331 331 328 328 331 328 327 328 327 328 331 331 331 330 328 329 327 328 326 324 323 323 327 327 327 328 328 328 327 325 325 323 321 325 325 324 324 324 323 322 322 322 322 322 321 323 323 322 322 321 321 322 320 320 320 320 320 318 318 319 319 318 317 317 318 320 320 320 321 321 321 321 323 324 325 327 328 327 328 328 328 331 331 331 333 333 332 334 336 332 333 332
327 328 331 328 328 327 327 326 328 328 330 331 331 331 332 330 328 328 327 327 327 323 326 327 327 324 327 328 328 327 327 326 324 323 323 322 323 324 324 324 322 321 321 320 320 322 322 323 323 322 322 321 321 321 320 320 321 320 320 320 318 318 319 319 319 319 319 319 319 320 321 321 324 324 324 327 327 327 328 328 328 328 328 331 331 331 332 335 335 336 336 335 334 334
327 327 327 327 327 328 331 328 328 329 330 331 331 332 331 330 328 326 327 326 324 323 323 324 324 327 328 328 327 327 324 324 321 323 321 322 322 324 324 324 322 320 321 322 322 322 321 321 321 323 323 321 321 321 320 322 322 320 320 319 318 318 319 319 319 319 319 319 321 322 322 321 324 324 325 325 329 328 330 331 331 330 329 329 331 333 334 337 334 334 336 335 334 336
327 327 328 328 327 328 331 331 332 329 331 332 330 328 328 330 329 325 326 327 324 324 324 324 324 327 327 327 326 326 324 322 324 325 323 321 320 323 323 322 320 320 321 321 323 324 322 322 323 323 323 322 321 321 321 322 322 320 320 320 320 319 321 321 320 319 320 321 322 323 324 324 324 324 325 325 326 328 328 330 331 331 329 332 333 333 333 333 334 336 336 334 334 335
327 327 330 332 334 330 328 329 332 331 331 332 331 331 326 330 328 326 326 327 324 326 327 327 327 327 327 327 327 327 326 326 324 321 320 321 319 321 322 320 320 321 322 323 323 325 323 323 322 322 323 320 320 321 321 321 322 322 321 320 320 320 321 321 320 320 320 323 323 323 323 324 323 325 325 325 327 328 328 328 330 330 331 331 332 331 336 332 334 336 334 333 332 334
327 327 330 334 332 331 334 334 329 329 331 331 331 328 326 329 329 326 326 327 327 328 327 327 330 330 330 327 327 327 325 325 324 320 322 321 323 323 321 320 322 321 324 324 324 323 322 322 322 322 321 320 320 321 321 321 321 321 320 319 320 320 320 320 319 321 322 322 323 323 323 323 323 324 325 327 328 328 328 330 330 329 329 329 329 331 332 332 334 334 333 332 333 334
327 328 330 331 328 327 334 331 331 329 331 331 331 330 326 326 328 326 326 323 326 326 326 326 327 330 329 327 326 327 327 324 324 322 320 322 323 324 323 323 323 323 324 323 323 322 322 321 322 322 322 322 321 322 322 321 321 321 322 320 321 321 320 320 320 322 322 322 322 323 323 323 324 326 325 327 327 328 328 329 329 330 329 332 332 330 331 333 334 336 334 333 333 334
327 327 330 330 325 325 329 331 328 330 331 329 329 329 328 324 324 323 323 326 327 328 328 329 329 329 326 327 327 325 323 323 322 323 322 319 322 323 323 323 323 323 323 322 321 321 321 321 322 322 322 322 323 323 323 322 321 321 321 320 320 321 321 321 321 321 322 322 322 322 323 324 324 327 327 327 327 327 327 329 331 329 331 331 332 332 332 332 334 334 337 333 334 334
325 325 325 325 325 327 324 327 327 331 329 326 326 323 326 325 326 326 325 325 326 326 327 329 329 329 328 326 326 323 325 323 321 320 322 322 322 322 324 324 323 323 323 323 320 320 320 321 321 322 322 322 323 323 323 323 320 320 321 322 323 323 323 324 323 324 324 323 323 323 325 325 326 327 329 329 329 328 329 330 331 331 331 334 332 332 333 333 334 333 333 333 333 333
324 327 327 327 327 327 325 327 324 324 326 328 328 325 327 323 323 326 328 323 324 327 329 327 329 329 328 327 326 325 323 320 323 325 323 323 325 324 324 324 322 322 322 321 320 320 322 322 324 323 323 323 322 322 322 322 323 322 320 322 322 322 323 323 323 323 324 324 324 326 326 326 326 326 327 328 329 330 332 334 332 331 331 334 333 332 333 333 333 335 334 335 335 332
326 327 330 330 330 327 325 327 325 327 324 326 329 326 323 326 327 323 326 323 323 326 326 329 329 326 326 326 326 326 326 321 326 326 326 325 325 323 324 324 324 322 321 321 321 321 323 323 323 322 323 323 322 322 322 322 322 322 321 323 322 322 322 322 323 326 324 325 325 325 325 326 328 329 329 329 330 332 332 331 331 331 332 333 334 333 333 333 333 335 335 333 333 333
326 325 327 330 333 327 325 325 327 327 325 327 329 325 326 329 329 326 323 323 325 327 329 329 326 326 324 324 323 324 324 319 323 324 324 326 324 322 323 322 323 322 322 322 323 323 323 323 321 323 323 322 322 322 321 321 322 321 321 321 322 322 322 323 325 325 326 325 325 325 325 325 326 327 329 329 330 330 331 331 332 331 334 332 333 333 333 333 335 335 335 335 334 334
325 327 327 327 333 333 327 331 331 328 324 327 329 323 326 325 327 329 329 326 324 329 326 326 325 326 326 326 321 320 321 322 324 324 325 325 325 323 321 321 321 321 321 322 322 322 322 321 323 323 323 323 322 322 321 321 321 323 322 322 321 323 324 325 325 325 325 324 326 324 327 328 328 328 328 330 330 330 330 329 331 332 332 335 333 331 335 335 335 335 338 335 334 335
325 327 327 327 330 330 330 333 328 325 325 328 325 324 329 328 325 329 329 329 326 322 324 325 324 324 322 321 324 320 323 326 326 324 324 324 324 322 320 321 323 321 321 321 321 322 321 321 322 322 323 322 323 321 321 322 322 323 323 325 323 323 322 324 324 325 325 324 325 324 327 327 328 329 328 330 330 332 333 332 332 332 333 334 334 331 334 335 337 335 337 335 334 336
327 326 325 330 332 332 330 329 327 325 325 325 326 325 329 332 329 326 329 329 328 326 323 322 322 323 325 326 322 323 325 325 322 321 320 322 320 320 322 322 323 324 322 321 321 321 321 321 321 320 320 322 322 321 323 323 323 324 323 323 323 323 323 323 324 324 324 324 325 326 327 327 327 329 329 330 333 332 331 331 331 332 334 332 334 333 335 337 336 336 335 335 336 337
327 328 330 330 333 334 330 328 327 327 330 328 330 329 329 329 329 325 329 331 328 326 322 325 325 327 327 325 323 322 320 320 321 325 325 323 320 320 324 323 324 324 323 323 323 321 322 323 321 323 323 321 322 322 323 324 323 325 325 325 325 323 323 323 323 324 325 326 325 326 326 328 328 329 329 332 334 335 332 331 331 334 334 335 335 334 336 337 337 339 337 336 336 336
326 327 327 325 328 332 333 330 327 330 332 329 331 331 330 329 328 328 331 329 328 325 325 323 327 328 327 325 325 325 323 325 325 326 325 320 323 323 323 323 324 326 324 325 324 323 324 324 322 322 324 323 323 323 324 324 326 326 325 324 324 324 322 325 326 326 325 327 327 326 327 330 331 328 329 332 334 336 335 335 331 334 333 333 334 334 337 336 338 336 337 336 336 336
329 327 326 326 332 333 332 332 328 330 332 331 332 332 331 329 328 328 331 328 328 327 324 325 326 328 328 328 326 323 326 327 326 326 324 322 322 323 323 326 326 326 327 326 323 325 325 324 323 322 324 324 324 324 325 325 327 325 324 324 328 325 323 325 328 327 326 327 328 328 330 329 332 331 331 331 331 333 333 333 332 333 333 334 333 337 336 337 337 336 336 338 338 338
327 327 330 327 328 332 334 333 330 330 332 332 332 331 329 328 329 331 332 331 328 325 328 326 328 328 330 328 326 326 326 326 326 326 325 323 321 322 323 323 324 326 326 326 326 326 326 325 323 323 324 324 324 324 324 326 326 327 326 329 333 327 324 324 326 327 327 328 328 328 331 330 334 333 332 333 332 333 333 333 333 333 333 333 335 335 336 337 338 336 336 338 339 338
326 330 333 332 333 333 336 334 331 332 332 335 332 333 331 331 332 332 332 331 326 327 329 330 330 330 329 326 327 328 326 326 326 325 322 322 322 322 322 322 325 326 326 326 326 326 326 325 324 324 325 323 323 323 323 325 328 328 327 327 326 326 324 324 326 326 327 327 330 333 333 333 329 333 330 332 333 334 334 335 333 335 335 335 336 336 336 337 336 335 338 338 339 339
330 332 329 333 333 332 334 333 333 335 333 335 335 335 334 335 331 330 328 328 328 331 328 331 331 328 328 329 329 329 327 326 326 325 322 325 325 325 325 325 325 324 325 326 326 326 325 325 324 324 324 325 326 324 325 326 328 329 326 325 326 326 326 324 325 327 326 329 329 330 328 330 329 332 330 331 332 333 334 333 333 336 336 336 338 336 336 336 337 337 338 339 339 338
330 328 326 328 330 330 333 334 334 335 333 333 333 334 332 332 330 332 330 331 328 331 330 331 331 329 329 331 331 329 328 329 328 325 322 324 325 325 327 325 325 325 325 327 328 325 325 325 324 324 323 325 325 326 325 326 328 328 325 328 329 327 329 326 325 326 327 328 328 329 330 331 331 329 332 331 331 333 334 335 335 335 335 336 337 337 336 336 339 339 339 339 338 338
328 330 327 331 332 333 335 334 334 335 332 335 335 335 335 335 332 330 332 333 329 331 333 334 332 331 331 329 329 329 329 328 325 325 324 324 325 327 327 328 328 327 325 326 328 328 328 327 325 324 324 324 325 326 327 327 327 324 328 329 328 328 325 325 327 327 328 328 328 329 332 332 331 328 331 330 333 334 332 333 335 335 336 336 336 336 336 337 338 339 338 338 338 338
333 332 328 327 330 333 334 331 332 332 332 334 332 335 335 335 332 331 331 333 331 333 334 331 329 329 328 328 326 328 329 328 328 325 324 327 327 325 325 327 327 328 327 327 327 327 328 328 327 324 325 326 326 326 330 327 326 323 326 327 331 331 331 330 328 330 330 327 330 331 332 330 330 331 329 330 333 331 332 333 337 338 336 337 336 336 336 337 338 339 338 338 338 337
333 330 328 328 328 330 329 331 331 331 331 331 333 335 335 334 331 334 334 333 334 334 334 332 331 332 329 329 328 326 328 328 327 325 324 324 324 324 326 327 327 328 329 327 327 327 327 328 327 327 324 326 327 325 325 325 326 328 324 324 328 330 331 331 328 331 328 330 330 330 329 330 331 334 333 330 331 333 333 336 336 336 334 334 337 336 337 337 338 339 339 337 339 340
333 330 328 333 333 330 332 335 333 333 334 332 332 335 335 334 334 335 335 336 335 336 334 332 332 332 330 329 328 327 327 327 327 324 324 324 327 324 325 327 327 327 327 327 329 327 330 326 325 325 323 323 324 327 326 323 326 325 323 326 330 337 334 337 331 332 332 330 329 328 329 329 331 333 330 330 330 334 334 337 337 337 336 335 336 336 336 336 336 336 337 339 341 340
333 333 332 328 330 333 333 335 337 333 335 334 332 333 335 338 335 337 338 335 334 334 334 334 330 330 330 331 330 328 327 324 324 327 327 327 327 326 326 326 326 327 329 330 327 325 326 327 327 326 326 322 325 326 326 325 324 328 323 329 329 336 332 333 333 330 328 328 331 333 333 330 329 329 333 331 330 333 334 333 336 337 336 335 335 335 337 336 336 339 339 340 339 339
330 328 329 332 335 334 335 337 335 335 338 337 338 338 338 338 338 338 338 338 336 332 332 334 332 330 330 329 331 328 327 324 324 325 324 326 326 326 326 326 329 329 328 329 329 325 325 325 325 325 324 324 324 325 325 325 323 323 323 328 328 328 325 329 329 331 327 328 331 329 329 331 333 332 329 331 330 331 335 333 334 337 335 334 336 340 340 338 336 336 338 338 338 337
333 330 328 329 329 332 335 332 335 338 335 336 338 339 337 338 338 338 335 336 336 334 332 332 332 331 328 331 332 331 328 327 326 325 325 326 325 325 325 325 325 327 328 329 328 325 324 326 325 324 325 323 323 324 324 325 325 323 322 323 323 323 325 324 326 330 331 327 331 332 331 332 330 332 331 330 329 332 334 332 333 334 333 336 336 337 339 339 338 338 338 337 335 336
333 333 334 328 332 328 331 332 335 332 335 335 338 338 336 335 335 335 336 334 334 336 334 332 330 328 328 328 331 330 327 325 327 326 327 326 326 325 326 329 328 328 328 328 327 326 324 325 324 324 324 323 322 322 324 327 328 326 322 326 327 327 328 328 328 329 328 326 330 333 331 328 329 329 331 331 329 330 332 331 332 332 334 337 338 337 339 341 338 339 339 341 336 338
333 335 330 331 336 332 328 331 332 337 338 334 336 338 338 338 336 334 333 334 332 334 332 332 332 332 328 327 330 330 326 327 328 329 328 329 329 327 327 329 328 328 327 327 325 325 323 323 323 324 326 324 323 322 322 323 323 323 323 323 325 326 330 326 326 327 328 326 326 330 330 329 334 330 329 330 329 330 332 333 331 334 336 338 339 340 342 340 339 341 340 341 336 338
330 330 328 333 339 332 332 331 328 332 333 335 336 338 338 338 338 336 337 336 335 334 332 331 329 328 328 327 327 329 327 326 328 328 329 330 329 328 328 328 327 326 327 325 325 325 323 322 322 325 324 325 322 322 322 325 324 325 322 326 329 333 334 332 326 326 326 327 325 329 329 327 330 332 331 328 330 331 334 334 335 339 335 338 338 339 338 339 338 337 339 337 339 342
330 330 335 340 337 335 337 332 331 328 335 336 337 338 338 338 336 336 334 334 334 334 332 332 331 328 328 329 329 327 327 327 326 327 328 329 332 329 328 330 328 327 325 324 326 326 324 322 325 325 323 325 325 321 321 325 324 321 323 335 331 333 329 330 329 329 326 328 327 325 326 329 330 330 331 331 330 330 333 332 333 337 336 336 337 338 341 339 338 338 340 338 339 342
333 333 337 337 335 335 335 335 332 332 332 332 335 337 340 339 338 336 336 337 336 333 332 331 331 331 331 331 330 328 327 326 330 329 329 329 329 328 329 328 327 327 326 326 324 325 325 322 324 322 320 325 324 324 320 324 320 325 329 332 327 328 328 329 329 328 329 332 330 328 328 326 329 329 330 330 331 329 330 330 331 333 334 337 338 337 342 339 341 340 338 341 337 337
337 339 339 339 338 337 336 335 332 332 332 334 335 337 338 338 338 336 336 336 334 332 332 332 332 332 334 331 330 328 328 326 329 328 330 329 327 327 327 329 329 328 324 325 323 325 325 322 320 322 321 323 321 323 321 321 319 324 328 325 329 327 332 332 326 329 329 329 333 333 330 329 328 327 329 330 330 329 332 334 332 333 333 335 334 336 336 338 341 342 338 345 341 342
337 339 339 337 335 333 332 332 332 332 332 335 336 337 338 339 338 338 336 333 334 332 335 335 335 335 334 331 330 329 329 329 326 328 329 330 327 326 325 329 326 325 324 325 323 323 324 320 322 321 322 322 320 320 320 322 322 322 328 334 337 335 331 329 325 327 331 327 330 329 328 328 328 327 328 329 328 330 332 334 336 334 332 333 336 337 337 338 342 345 344 345 344 342
337 337 334 334 336 337 333 332 338 339 338 339 339 337 339 338 337 337 336 336 336 335 335 335 335 334 331 331 331 330 328 329 327 327 328 329 325 325 324 325 324 322 321 321 319 320 321 322 325 322 320 321 320 319 321 328 331 327 335 335 327 333 328 328 326 325 327 328 328 326 325 325 327 327 328 328 329 332 332 333 338 334 332 335 337 340 344 340 339 347 344 341 344 344
341 340 339 341 339 336 330 336 336 336 339 339 339 339 340 339 340 339 339 338 338 337 337 337 335 334 334 333 331 329 330 332 331 328 328 326 331 327 324 322 322 323 322 322 322 325 328 325 327 331 325 320 320 320 323 331 327 331 333 332 326 333 326 333 326 328 325 325 327 325 327 328 329 327 329 331 332 332 334 337 337 333 335 337 341 344 344 347 344 344 344 338 338 338
337 337 339 337 341 341 339 329 331 333 336 336 339 340 342 342 340 340 340 340 339 337 337 337 337 335 334 333 330 333 333 333 329 330 330 329 331 330 326 324 325 323 322 324 325 326 328 329 329 333 335 326 320 319 322 328 321 323 327 332 325 327 323 326 325 326 326 323 324 324 324 327 328 328 329 329 329 331 333 339 333 335 338 337 337 340 346 342 341 340 340 337 343 345
338 336 338 338 336 339 336 336 332 334 336 339 340 342 342 342 342 340 338 338 338 336 335 335 334 334 332 334 330 331 333 333 332 332 333 333 331 329 326 326 325 323 323 326 325 325 325 326 331 328 328 326 322 320 320 321 320 322 324 325 321 322 321 322 323 323 324 324 326 324 324 327 325 326 328 328 330 331 333 339 334 334 336 336 343 343 347 350 350 341 340 339 343 348
