R4Research-BCEENET2021/data/bio/bio_16.asc
NCOLS 1249 
NROWS 465 
XLLCORNER -86.9583333333333 
YLLCORNER 33.5416666666667 
CELLSIZE 0.00833333333333333 
NODATA_value -3.4e+38 
[rows 369 to 409 of 465, columns 376 to 469 of 1249]
439 439 436 436 439 436 433 432 430 431 433 431 432 431 431 431 430 430 430 427 430 430 430 427 423 420 424 424 422 421 422 420 421 419 419 417 417 416 417 414 414 417 414 414 414 416 417 416 416 414 414 414 414 414 412 411 411 409 408 409 408 408 408 408 407 406 403 403 400 400 399 400 400 398 402 401 397 397 400 401 401 400 401 401 404 403 404 401 399 401 401 400 400 398
439 438 436 437 436 433 433 433 430 430 431 428 430 429 430 428 428 428 428 427 427 427 425 424 423 419 419 422 422 419 419 419 419 419 419 418 419 420 418 417 414 412 412 412 414 413 413 414 414 413 413 412 411 412 412 410 409 409 409 407 406 406 405 406 406 407 405 404 401 400 399 397 397 398 400 399 397 397 401 401 403 402 400 399 400 401 401 398 398 401 401 398 396 398
441 437 436 436 434 436 436 433 430 428 428 425 428 429 426 426 425 429 429 427 424 424 423 420 420 419 419 422 421 419 418 418 417 416 417 417 417 416 417 416 414 412 411 412 411 410 412 413 412 413 413 412 410 409 408 408 410 407 407 407 407 407 406 403 404 404 405 403 400 401 401 400 397 397 397 397 397 398 400 401 401 400 397 399 401 401 401 399 398 398 398 398 396 398
439 438 437 436 436 436 433 432 430 427 425 425 426 428 425 424 427 428 428 425 423 424 423 421 420 419 419 419 421 419 419 417 416 414 416 416 414 414 416 416 414 412 411 411 409 411 411 411 409 410 410 409 410 410 409 407 407 407 406 405 405 406 404 403 402 404 405 404 401 402 399 398 400 399 399 395 396 397 397 398 399 396 396 398 400 400 399 398 396 397 398 395 397 398
439 438 436 436 435 433 432 429 428 425 425 422 425 423 424 422 425 424 427 424 421 421 420 421 421 419 416 418 416 419 418 418 418 414 413 415 415 412 413 414 414 413 412 411 409 408 408 409 407 410 407 407 407 407 408 408 406 405 404 403 403 402 402 402 400 402 402 404 403 401 399 400 401 399 397 396 395 394 395 398 396 395 396 398 398 398 398 397 395 395 396 395 396 398
437 437 437 437 436 433 430 428 427 425 424 424 422 423 423 420 421 424 424 424 423 421 420 419 421 419 417 416 416 416 416 414 415 414 411 411 411 411 411 413 413 412 411 411 410 410 407 406 406 406 406 404 405 405 406 407 407 405 406 404 404 402 402 399 399 401 401 402 402 401 401 401 400 399 398 398 395 393 393 394 393 394 396 397 396 398 397 395 394 393 394 393 395 396
435 436 436 437 435 432 432 430 427 425 425 422 422 425 422 419 419 422 424 421 421 420 419 418 419 418 419 416 414 414 413 413 414 414 412 411 411 411 409 410 410 410 410 412 413 410 410 409 407 406 404 404 403 404 404 404 405 404 406 403 404 404 402 399 399 399 402 402 402 400 401 401 400 399 398 396 394 392 393 396 394 396 397 399 397 399 397 396 394 393 393 393 394 395
435 434 433 434 433 434 434 429 427 425 425 426 426 422 422 420 417 419 420 419 419 419 420 417 416 416 416 418 416 415 415 412 411 411 411 411 410 411 409 407 408 409 410 408 409 410 407 407 407 407 406 405 404 402 402 402 401 402 402 402 402 402 402 400 399 399 399 399 400 400 401 400 400 400 398 397 393 390 393 394 393 394 396 397 397 397 397 396 394 394 391 390 393 393
436 434 431 430 432 435 432 427 427 426 426 426 425 422 422 421 418 417 417 416 416 419 419 417 417 415 413 416 418 415 414 414 413 412 411 410 408 408 407 407 407 406 405 405 407 407 405 404 404 404 404 404 404 403 402 400 399 401 401 399 399 399 399 400 399 400 399 396 397 397 400 397 397 398 397 395 393 390 393 393 393 397 397 395 395 395 394 394 394 392 391 390 391 393
434 433 431 427 428 432 429 427 427 426 425 423 421 421 419 418 418 418 416 414 414 416 416 416 417 415 413 415 415 415 415 415 415 412 412 409 409 410 408 409 409 407 405 407 405 405 405 405 402 402 402 402 400 400 399 399 399 399 399 398 396 396 398 397 397 396 399 397 395 395 396 396 396 396 396 393 393 390 390 392 394 394 392 394 394 394 392 394 394 392 391 390 389 390
433 431 430 427 426 428 427 427 425 423 422 422 420 419 418 417 415 418 418 416 415 415 413 414 415 415 412 412 413 415 415 415 415 412 410 409 410 410 410 409 407 407 406 403 405 406 405 404 405 403 401 400 402 402 401 400 399 400 400 398 396 396 399 399 396 393 396 396 396 395 393 393 393 393 393 392 390 389 388 392 394 392 392 395 396 394 391 391 391 392 391 389 387 388
431 429 428 426 425 426 427 426 424 422 419 418 419 419 418 418 415 415 418 417 416 417 413 412 412 412 412 412 411 412 412 412 412 412 411 410 411 411 410 409 407 408 406 405 406 406 406 406 404 403 402 403 403 402 403 402 402 400 398 398 399 400 400 398 395 393 394 393 393 393 392 392 392 390 392 389 389 389 386 389 389 389 391 393 394 392 389 389 391 391 390 388 387 386
429 426 427 427 424 423 426 426 425 423 420 419 416 416 415 418 415 415 417 416 413 414 414 413 412 412 409 409 409 409 411 412 411 410 409 410 410 411 411 410 409 407 406 406 406 406 406 404 402 403 403 404 402 400 403 401 400 397 397 400 400 400 400 398 395 393 395 395 392 394 392 393 392 392 392 392 389 387 386 387 389 389 389 391 392 389 388 389 389 390 390 388 387 386
426 424 426 426 424 422 423 424 424 422 420 419 417 416 415 415 415 412 414 413 412 413 414 413 412 412 412 412 409 409 408 409 409 409 410 407 408 408 409 409 408 407 409 408 406 406 404 402 401 403 405 403 402 403 402 400 398 398 400 400 400 398 396 395 395 395 395 395 392 393 394 395 395 393 394 392 389 389 389 386 389 389 389 390 390 389 386 388 389 389 389 387 386 384
424 423 426 423 426 423 419 420 420 418 420 418 418 417 417 415 414 412 413 412 414 414 414 413 412 413 412 410 411 409 408 407 407 407 407 407 406 406 407 409 409 409 406 405 403 403 402 401 403 406 403 404 404 402 400 398 398 398 400 399 398 395 396 395 396 398 397 395 392 393 395 396 396 393 392 389 389 389 386 386 389 389 388 389 389 387 385 386 387 387 387 384 384 383
423 420 422 422 423 423 420 416 417 415 415 415 418 415 415 415 414 412 411 411 414 414 414 413 411 410 411 410 409 407 406 407 407 405 406 405 405 406 408 406 409 408 407 406 405 403 401 403 405 405 405 403 402 400 398 399 398 398 400 399 396 397 397 396 396 397 396 393 394 396 396 396 395 393 391 389 390 389 389 386 387 389 389 389 389 386 383 384 386 385 385 383 381 382
422 420 419 420 422 423 418 417 414 417 415 414 415 415 412 415 412 412 411 410 412 414 414 414 413 410 409 409 408 407 408 407 408 408 408 406 404 403 405 406 408 407 408 407 407 405 403 404 405 405 405 402 401 399 399 399 398 398 400 400 399 399 399 399 399 397 396 395 396 396 395 393 392 392 391 391 390 390 387 384 385 389 389 388 386 385 383 383 384 383 383 383 380 380
419 420 420 420 421 422 420 420 418 418 416 415 412 412 411 411 411 410 409 408 410 411 412 411 410 413 410 408 408 408 408 409 408 408 406 405 403 402 406 406 406 406 407 405 405 406 406 405 405 405 402 402 402 399 397 399 398 399 399 399 399 399 399 399 398 398 397 396 395 393 392 391 390 388 389 388 388 388 388 387 383 385 387 385 385 385 382 382 382 382 381 379 380 380
419 417 419 418 418 420 422 422 422 420 417 415 412 410 409 409 408 409 408 407 408 409 407 406 407 409 409 409 410 408 408 408 408 408 408 406 405 403 403 405 403 403 403 403 405 405 404 404 402 402 402 402 400 399 399 399 399 399 399 397 396 396 398 396 396 397 396 394 393 392 390 389 389 389 387 387 386 385 384 384 382 382 385 382 383 383 382 381 380 380 380 379 380 380
419 418 416 416 415 416 418 419 419 416 416 413 412 411 411 411 408 407 407 406 405 408 405 406 407 407 408 408 408 408 408 408 408 406 405 405 404 403 400 403 402 400 402 402 404 404 405 404 402 401 399 399 401 400 401 399 399 399 399 398 396 393 396 396 394 395 395 395 395 392 391 391 390 389 388 386 386 385 384 385 382 381 382 382 381 381 381 382 380 378 378 378 379 380
419 419 417 415 413 415 413 416 416 414 413 412 411 408 408 408 408 407 405 404 403 405 404 405 406 408 407 408 408 405 408 408 408 405 405 403 405 403 400 400 400 402 402 404 404 405 403 403 402 401 399 397 397 399 399 400 399 398 396 394 394 393 393 394 394 393 394 394 393 392 391 391 391 388 385 385 385 383 385 385 385 385 385 382 379 379 378 380 380 380 378 378 380 380
419 419 416 416 414 412 411 411 412 414 413 409 408 408 408 407 406 408 405 403 403 403 405 407 408 407 407 405 405 405 406 407 405 405 403 402 400 403 400 397 398 399 401 402 402 402 402 402 400 400 399 398 396 398 398 399 398 398 395 394 393 394 392 391 391 391 392 392 392 391 390 389 388 385 385 385 385 385 385 384 382 382 382 382 379 379 378 376 377 378 378 378 379 379
417 416 416 415 413 412 413 411 410 411 411 408 407 408 407 405 405 407 405 404 402 403 405 404 406 407 406 405 405 402 405 405 405 404 402 400 398 399 399 398 397 397 398 398 401 401 400 399 399 399 399 396 396 395 396 398 397 395 394 394 395 392 392 393 392 391 389 390 391 391 388 387 385 385 388 386 385 385 384 383 383 385 382 382 380 378 378 378 376 375 375 376 378 378
414 413 414 414 411 413 411 410 408 408 408 408 405 405 405 405 403 405 403 403 401 402 403 404 407 407 407 405 403 402 402 402 404 402 402 400 398 396 396 396 396 398 399 399 399 399 400 398 397 396 398 398 396 394 395 398 395 395 395 395 392 392 392 392 392 390 388 388 389 389 388 386 387 387 387 385 385 384 383 385 383 385 382 380 381 379 379 379 378 378 375 374 376 378
412 413 414 414 413 413 411 410 408 407 405 405 406 408 408 405 404 404 403 402 402 400 402 403 404 405 404 404 402 399 399 402 404 403 401 400 399 398 396 394 393 393 396 397 397 397 397 397 396 395 395 395 395 393 395 395 395 395 395 392 392 394 394 392 392 390 388 387 387 387 387 387 387 385 385 384 383 384 384 385 385 384 382 382 382 380 380 379 378 378 377 375 374 376
408 411 411 413 411 410 410 409 408 405 405 407 408 408 405 405 405 405 405 404 401 400 400 399 400 401 401 402 402 401 398 399 401 401 401 398 397 399 397 396 393 393 396 393 396 396 395 396 397 396 395 392 392 392 392 392 395 395 395 392 395 394 392 390 390 388 387 387 387 385 386 386 386 386 385 385 384 385 385 385 385 383 382 382 382 382 379 377 377 377 377 375 374 374
408 408 408 411 408 408 408 408 408 406 406 407 407 406 405 405 406 404 403 401 400 399 398 397 398 399 399 401 401 400 398 398 399 399 399 398 397 398 397 397 395 393 393 393 394 393 395 395 395 394 395 395 392 390 392 392 394 395 394 393 392 393 392 391 390 389 387 389 389 386 384 384 384 385 385 384 385 384 384 385 384 382 382 382 380 380 379 378 378 376 375 374 374 374
408 408 408 408 405 406 407 408 407 405 405 405 406 406 405 406 405 402 401 400 401 401 399 399 396 399 399 398 398 398 398 397 396 397 398 398 396 394 395 396 394 392 392 391 392 392 395 395 392 392 392 392 390 392 393 391 392 392 393 394 392 392 391 391 391 389 387 387 387 386 384 384 383 384 384 384 384 384 385 385 384 382 382 382 380 379 378 378 378 378 378 376 375 374
407 407 405 405 405 406 407 408 407 405 404 405 405 405 404 404 404 402 402 401 401 401 400 399 399 396 397 397 397 398 398 396 395 396 396 396 397 396 393 393 392 392 392 389 392 395 395 395 392 392 390 389 390 391 391 391 391 391 392 394 391 391 389 389 389 388 387 387 386 384 383 384 381 381 384 382 382 383 384 384 383 382 382 380 380 380 379 377 376 376 375 378 377 374
408 408 407 405 404 405 405 405 404 404 402 402 403 404 401 404 404 404 403 401 401 399 399 396 399 396 395 395 396 397 398 396 396 393 393 393 394 395 394 393 392 391 392 390 392 394 395 395 394 392 392 389 390 391 388 390 390 391 391 391 391 388 388 387 387 387 386 386 384 384 384 384 381 381 381 381 381 381 381 382 382 382 381 380 380 380 379 378 378 378 375 376 376 374
410 407 405 403 403 404 404 404 404 404 403 402 402 402 401 401 402 403 401 401 401 401 399 396 396 396 394 394 395 397 397 397 395 394 393 392 393 394 392 392 392 389 389 389 392 392 392 392 392 389 389 389 389 388 388 388 389 391 391 391 391 389 388 387 385 384 384 385 384 384 384 384 381 381 380 380 380 379 381 382 382 382 380 380 380 378 377 378 377 376 376 374 374 374
408 407 405 403 403 402 403 403 401 401 401 400 401 401 400 399 401 401 399 400 399 399 398 396 395 395 394 395 395 396 397 397 396 395 393 393 392 390 391 389 389 389 389 389 390 392 392 392 392 389 387 387 388 387 388 389 390 391 388 388 389 388 388 386 385 384 383 384 382 383 384 383 381 381 381 381 379 379 381 381 380 380 380 380 380 378 377 377 378 377 375 377 376 377
408 407 405 404 404 402 400 400 400 400 400 400 398 400 401 399 399 399 399 399 397 398 396 396 395 393 393 395 395 396 397 397 397 396 396 394 394 392 392 392 392 392 389 387 389 390 389 389 391 388 388 386 387 386 386 388 389 388 387 386 388 388 388 387 386 386 384 384 383 381 381 381 380 378 379 379 379 378 377 377 377 379 380 380 380 378 377 377 375 376 377 375 374 377
405 404 403 403 402 401 400 401 401 400 400 398 398 398 398 399 396 396 398 396 396 395 395 395 395 393 392 392 393 394 395 394 395 396 395 394 394 394 393 393 393 392 389 388 387 388 388 389 389 388 387 386 386 386 387 388 388 387 386 386 387 387 386 386 386 385 383 383 381 381 379 379 381 379 379 378 379 377 377 377 377 377 377 379 379 378 377 377 376 376 374 376 376 374
404 404 404 402 403 403 403 402 401 401 398 397 396 396 396 396 396 396 395 395 394 392 394 392 393 392 392 391 393 393 392 393 394 395 394 393 392 392 394 392 392 391 391 389 386 386 387 388 388 388 388 387 384 386 386 388 387 385 385 387 387 385 383 383 383 383 383 383 381 380 379 381 381 381 380 379 379 379 378 378 376 375 377 377 377 377 377 377 377 376 376 376 376 374
405 405 403 404 405 404 404 401 400 399 401 398 396 396 396 396 394 395 393 394 392 392 392 391 392 391 392 390 391 391 391 392 393 393 392 392 390 392 392 392 392 389 389 388 388 386 386 386 388 388 388 385 384 385 387 386 383 386 387 387 386 386 384 383 383 381 381 380 380 380 380 380 381 381 381 379 378 377 376 376 376 374 374 374 374 375 377 376 376 376 377 377 376 376
404 405 404 404 405 404 402 401 401 401 399 399 399 396 395 393 395 396 396 395 394 393 392 392 392 390 390 390 390 390 390 391 390 391 391 390 392 392 392 391 391 391 389 387 387 385 384 384 384 385 385 385 383 383 385 383 385 386 384 384 385 384 384 383 383 380 381 381 380 381 381 381 380 381 380 378 377 376 375 375 374 374 374 376 376 374 375 374 373 376 376 376 376 375
404 404 404 404 405 404 402 401 401 401 401 399 397 396 395 394 394 396 395 395 395 392 391 392 391 391 391 390 389 390 390 389 389 389 389 389 391 390 389 390 389 388 387 387 386 385 384 383 382 383 385 383 382 382 383 383 384 384 385 384 385 384 384 383 383 382 383 383 383 381 381 380 379 379 379 377 376 376 376 376 375 376 377 377 376 375 373 373 373 373 374 373 375 374
406 404 404 404 404 404 404 403 401 400 399 397 396 397 397 395 395 395 395 394 395 394 392 392 391 391 390 390 390 391 391 390 389 389 388 389 389 389 390 390 388 388 388 388 388 386 385 384 382 383 384 384 383 382 382 383 383 384 384 384 384 384 383 382 382 383 382 382 381 380 380 380 379 378 378 376 376 376 377 378 377 377 379 378 377 376 375 374 374 373 373 372 372 372
407 407 407 404 403 401 401 401 398 397 397 397 395 397 400 396 395 393 393 392 392 394 392 391 390 390 390 391 391 392 392 391 389 389 389 389 388 388 388 390 390 388 388 388 386 385 385 383 383 383 382 381 383 380 382 382 382 384 382 382 382 384 383 382 382 380 380 380 380 380 379 379 378 379 377 376 376 376 376 378 379 378 378 377 376 375 375 373 373 373 373 372 372 372
407 407 406 404 404 401 399 398 398 400 398 397 397 397 397 397 395 394 392 392 392 391 391 390 390 391 390 391 392 392 392 391 390 389 389 386 386 386 388 388 388 388 388 388 386 386 384 385 384 383 380 380 380 380 379 380 382 382 381 380 381 382 383 382 381 380 380 377 378 379 377 377 376 376 376 376 377 379 379 377 377 377 377 375 375 375 373 374 374 374 372 372 374 372
