R4Research-BCEENET2021/data/bio/bio_17.asc
NCOLS 1249 
NROWS 465 
XLLCORNER -86.9583333333333 
YLLCORNER 33.5416666666667 
CELLSIZE 0.00833333333333333 
NODATA_value -3.4e+38 
[rows 328 to 368 of 465, columns 470 to 563 of 1249]
332 331 330 333 333 336 338 332 332 335 335 332 332 331 329 329 327 323 318 316 313 312 310 309 311 313 314 313 311 310 310 308 310 311 313 311 311 310 311 311 310 310 313 312 311 309 308 311 311 311 309 309 309 309 309 311 312 312 311 313 313 312 310 312 311 308 306 306 306 305 304 307 307 304 306 307 307 306 306 305 303 303 302 301 301 298 299 298 295 298 298 297 298 299
332 327 327 330 333 335 333 329 332 332 333 333 330 329 326 323 323 323 323 320 315 312 308 308 308 309 311 313 312 308 307 310 313 312 311 309 308 308 308 309 309 309 311 309 306 308 309 310 311 308 307 307 310 309 312 311 310 309 310 310 313 312 312 312 309 307 307 307 304 302 304 307 304 303 304 305 306 306 305 303 302 301 299 299 299 297 298 297 294 295 295 297 298 299
331 329 328 333 332 333 331 328 331 331 329 329 330 327 324 320 321 323 320 316 314 312 308 308 308 311 311 311 308 307 308 309 310 310 311 310 308 307 308 308 306 309 308 306 306 308 308 309 308 305 307 310 310 309 309 308 307 307 308 310 312 310 310 309 309 309 308 306 303 302 303 304 304 301 301 302 304 305 305 302 302 302 299 298 296 296 297 297 294 295 297 297 297 297
327 327 326 327 326 327 327 326 328 326 328 324 326 326 323 318 320 318 318 315 311 311 308 307 308 308 308 308 305 308 308 310 309 307 309 309 306 305 306 305 305 305 304 304 306 309 309 306 304 305 307 307 307 309 309 306 305 308 307 310 309 309 309 307 308 308 306 305 302 301 301 302 304 301 301 304 304 305 304 302 301 299 298 299 296 296 296 297 294 294 294 294 294 296
330 327 330 330 330 326 323 323 324 324 323 320 324 320 316 313 313 313 311 311 309 308 307 305 305 308 308 308 305 305 308 308 309 306 309 309 306 304 304 303 304 305 304 306 306 307 306 303 302 304 305 304 304 306 306 305 303 305 306 307 305 307 307 307 305 305 306 305 304 302 299 301 301 299 298 300 301 302 303 302 299 299 299 298 298 296 295 295 294 292 292 294 294 295
330 330 333 333 332 329 326 323 323 323 322 320 320 319 318 318 315 315 315 314 310 308 305 305 306 308 308 305 304 306 308 306 305 306 307 303 303 303 301 304 307 307 306 306 306 306 303 300 302 304 301 304 304 304 304 303 302 303 306 304 304 307 307 307 305 304 304 305 302 299 299 299 300 297 298 301 300 301 302 302 299 299 296 296 296 295 294 292 294 291 292 294 294 295
333 333 333 331 330 328 328 327 323 317 319 317 321 323 322 322 321 318 314 311 308 306 306 308 308 309 308 306 304 305 307 307 304 306 303 303 306 306 305 305 307 307 306 306 306 304 302 299 300 300 299 301 304 304 301 302 301 305 303 302 304 307 305 304 304 302 302 302 302 299 297 299 299 296 298 300 301 302 302 299 299 297 296 298 296 295 293 292 291 292 294 294 294 294
334 331 330 328 325 325 323 322 319 316 314 316 320 320 320 319 318 315 314 311 307 306 305 305 307 308 306 305 304 305 307 306 306 303 303 303 304 305 304 304 303 304 304 304 304 301 299 297 297 298 301 301 304 301 299 299 302 302 300 300 303 304 305 304 303 302 302 299 302 299 296 296 297 295 296 298 300 301 300 299 297 297 298 298 297 296 294 294 291 292 292 293 293 293
337 332 330 328 328 325 322 322 319 315 314 313 315 315 317 315 314 314 311 310 306 307 307 306 306 306 307 303 301 304 305 304 303 301 301 302 300 302 302 301 301 301 303 304 301 299 298 296 296 298 299 301 301 300 298 299 302 299 299 299 302 304 304 303 304 304 302 299 299 299 298 293 295 295 295 297 298 300 297 297 298 298 298 297 296 295 292 292 291 289 289 290 290 291
335 332 330 330 328 325 322 325 322 319 316 312 312 311 312 309 309 309 307 307 306 304 304 304 305 304 304 301 301 304 304 301 301 300 300 300 302 302 301 302 303 301 301 301 298 296 295 296 299 301 299 300 299 298 297 299 298 297 299 300 302 302 302 300 302 302 300 299 298 296 296 295 293 293 295 294 297 297 297 297 297 298 298 295 295 293 292 291 290 289 288 289 289 290
329 329 332 331 328 327 325 325 323 320 319 315 316 314 309 309 308 307 307 306 304 304 304 304 304 304 301 302 304 304 301 299 299 301 301 302 300 302 302 301 301 298 298 298 295 294 295 296 299 300 299 299 297 297 298 297 296 297 299 300 299 300 300 298 300 300 299 297 296 295 295 296 295 292 295 295 297 297 296 294 295 297 296 295 295 292 292 292 292 292 289 287 288 290
325 327 328 326 325 324 325 322 322 320 318 316 317 317 315 312 310 307 307 307 304 304 302 301 303 303 301 304 304 304 300 298 301 301 301 299 299 299 300 299 298 296 298 296 294 293 296 296 296 296 299 298 296 297 297 295 294 297 299 299 297 299 299 297 300 300 297 296 295 294 292 292 295 292 292 294 295 296 294 294 294 294 294 295 295 292 292 291 290 289 288 285 286 287
325 327 328 325 322 322 322 319 319 319 317 315 314 314 315 314 311 307 308 307 304 304 304 301 301 301 304 304 301 300 298 298 299 299 299 296 296 299 299 296 296 296 294 294 292 294 294 294 296 297 299 298 294 294 297 294 294 297 299 296 296 298 297 297 298 300 297 297 295 295 292 292 289 292 290 293 294 295 294 293 293 292 293 293 295 292 292 291 289 289 290 288 285 285
325 327 324 324 322 322 319 316 316 315 315 316 312 311 310 312 310 310 310 307 305 304 304 301 300 300 304 304 301 300 297 298 299 299 296 296 294 296 296 293 293 291 291 291 292 291 293 294 295 297 298 297 294 292 295 294 294 294 295 295 293 295 294 296 297 297 299 297 295 295 294 292 292 289 289 292 293 293 293 293 291 290 292 292 292 292 291 291 289 288 288 288 286 286
324 324 321 319 319 319 318 316 316 312 312 313 313 311 309 309 311 310 310 307 307 306 303 302 300 299 300 301 301 297 297 298 299 296 294 293 292 293 293 293 292 292 291 291 291 291 293 294 295 297 296 294 293 291 294 291 292 294 296 295 292 295 295 294 297 297 297 297 295 295 295 292 292 290 289 290 292 290 291 292 290 290 290 290 290 291 291 289 288 288 287 286 286 286
321 321 319 319 319 316 314 313 313 310 309 312 312 309 307 308 308 309 307 306 306 305 303 304 300 297 300 301 300 297 297 297 297 294 292 292 294 294 296 296 294 293 291 291 291 291 293 294 294 295 295 294 294 294 291 291 294 294 294 292 292 292 292 294 296 297 297 295 294 293 292 291 289 289 288 288 290 290 289 290 290 288 290 290 288 291 291 291 288 288 288 286 285 286
319 318 316 314 316 316 313 313 309 307 307 310 311 310 308 305 305 306 306 305 303 305 305 304 300 297 300 301 300 297 294 296 294 291 292 293 294 293 295 294 294 293 292 291 291 291 293 292 293 293 292 292 293 291 290 293 294 292 292 290 292 292 294 295 295 297 295 295 294 293 292 292 291 291 289 287 287 287 287 287 290 288 290 288 288 289 290 291 288 288 286 285 284 285
318 316 313 311 312 313 310 310 310 307 306 309 309 310 310 307 304 303 303 302 303 303 303 303 300 298 297 300 300 297 294 293 291 292 294 294 294 292 293 294 294 294 293 291 291 292 291 291 291 292 290 290 292 289 291 291 291 289 289 292 293 294 294 294 296 296 296 294 293 292 291 292 292 292 290 288 288 287 286 287 289 288 286 287 288 290 288 288 288 288 285 284 283 284
315 315 315 312 309 308 308 307 307 307 304 304 307 308 307 307 305 305 305 302 303 303 303 303 300 300 297 296 297 294 293 291 292 293 294 294 293 293 293 293 293 293 291 291 294 291 291 289 289 289 289 289 289 290 291 288 288 290 290 292 292 292 293 293 294 295 294 293 293 292 291 289 292 292 289 290 290 288 287 285 286 287 287 288 288 288 288 288 285 285 286 285 284 283
312 311 310 312 312 310 309 307 306 304 307 304 306 307 306 307 305 307 304 304 302 301 302 302 300 298 297 294 294 293 293 293 294 294 294 294 294 294 292 292 290 291 291 289 291 291 291 289 289 287 289 287 288 291 290 287 289 289 289 290 292 292 292 293 294 294 294 293 291 291 291 289 289 291 291 290 290 290 288 287 284 285 286 285 285 286 288 288 288 287 284 283 283 281
306 306 309 310 312 310 310 309 309 307 307 305 304 304 304 304 302 304 305 305 303 301 299 299 297 296 294 294 293 293 293 294 294 295 295 295 292 291 289 289 289 289 290 288 288 288 289 289 289 286 286 286 289 289 287 287 287 289 290 292 291 291 292 293 293 293 293 293 292 290 288 288 288 288 290 291 290 290 289 287 286 283 283 283 283 284 287 288 287 287 284 282 281 281
306 305 306 308 309 309 307 307 306 306 304 304 301 299 299 300 301 304 305 305 304 302 299 296 296 296 294 293 293 293 294 296 295 293 293 292 290 289 288 289 289 288 289 287 286 287 287 289 287 286 285 286 289 287 287 287 287 287 288 289 289 290 291 290 290 292 292 291 292 291 290 288 288 288 288 290 289 289 289 287 286 286 284 283 283 283 285 287 285 285 284 284 284 282
304 303 302 302 305 305 304 304 302 302 301 299 301 299 299 301 301 302 303 302 302 301 299 296 296 296 293 293 293 293 294 295 293 292 292 292 289 288 286 287 286 286 287 287 286 287 287 289 287 285 285 286 288 287 284 287 287 287 289 289 289 290 290 288 290 290 290 290 290 291 289 288 288 286 288 288 288 286 286 287 286 286 284 283 283 281 284 284 284 284 286 284 284 282
300 300 303 300 299 299 301 299 298 298 301 298 298 298 300 298 297 298 301 300 299 299 296 296 296 293 293 293 293 293 295 295 292 290 291 290 289 287 286 286 285 286 285 284 284 287 287 287 286 286 285 285 287 287 284 285 287 287 288 288 288 290 290 288 288 289 290 289 287 289 288 288 288 285 285 286 286 286 285 286 286 286 286 283 283 283 281 281 281 284 284 284 283 281
301 300 298 299 300 299 298 297 298 298 297 296 298 297 298 301 299 298 296 296 296 296 296 296 295 293 293 293 293 294 293 293 290 290 291 290 288 286 285 285 285 284 284 284 285 287 287 288 287 285 284 284 286 284 283 284 287 287 287 288 288 290 290 289 286 287 288 287 287 288 288 288 288 287 286 286 284 283 283 283 283 283 285 284 284 282 281 280 281 284 283 283 282 282
302 300 297 297 297 297 299 297 299 300 298 301 298 298 301 301 298 298 295 295 296 297 296 296 295 293 293 293 293 293 293 291 290 290 290 289 288 285 285 285 285 284 284 284 287 287 288 287 286 285 282 282 285 282 283 284 284 285 285 285 288 288 288 287 286 286 286 286 287 288 288 288 287 287 287 286 284 286 283 283 282 282 283 282 283 284 281 279 281 281 281 281 283 282
298 301 297 297 299 297 299 297 297 298 301 301 300 298 301 300 298 295 295 295 293 293 293 296 294 294 292 292 293 293 293 291 289 290 288 288 286 285 285 285 285 285 285 284 287 287 287 287 285 285 285 282 284 283 283 284 283 284 285 288 288 286 286 286 286 285 285 286 288 286 285 287 287 285 286 286 286 286 284 285 283 283 282 282 281 280 280 279 278 280 280 280 282 282
300 298 297 300 300 302 300 296 298 301 300 298 298 298 301 297 295 295 296 295 293 293 293 293 293 294 294 293 294 294 293 290 289 288 288 286 285 285 285 285 285 285 286 286 287 286 285 285 285 285 285 282 283 281 280 282 283 285 288 288 285 285 283 284 283 283 286 286 285 285 284 285 285 284 284 286 286 286 285 286 284 284 284 282 281 281 280 278 279 277 277 277 279 280
298 298 298 297 300 302 299 300 297 299 298 297 297 300 301 298 298 297 295 295 293 292 293 293 293 295 294 292 292 292 291 289 289 288 286 285 285 285 285 285 286 285 286 287 287 287 286 285 285 285 283 283 282 283 280 283 285 285 285 285 285 283 283 283 283 283 286 286 284 284 284 284 284 284 284 286 285 286 286 286 285 284 283 283 283 283 280 280 280 280 277 277 278 280
298 299 299 297 297 300 300 300 298 297 297 297 300 300 298 298 298 297 296 295 292 291 291 293 293 292 292 292 292 293 291 289 290 288 287 288 288 285 285 285 286 286 286 286 287 288 286 285 285 284 283 283 283 280 280 283 283 284 285 285 283 282 283 283 286 286 286 286 284 283 284 284 283 283 284 285 284 285 285 284 282 282 282 282 281 281 280 281 280 280 278 277 277 278
296 299 298 295 297 300 300 300 297 297 300 300 299 298 296 295 294 294 295 294 292 291 290 290 290 292 291 292 293 293 291 290 288 287 287 287 285 283 284 284 283 285 283 285 286 288 288 285 285 282 283 282 283 280 280 281 282 284 284 283 282 281 283 284 286 284 286 286 284 284 281 281 281 283 284 284 282 285 285 284 282 282 280 280 279 279 280 280 279 280 280 278 277 276
298 300 298 294 297 300 300 300 300 297 297 295 297 294 294 293 292 292 292 292 291 290 290 290 290 291 292 292 292 292 290 290 287 286 287 285 283 283 283 284 285 283 283 286 286 285 285 285 284 283 283 280 281 280 280 281 283 282 284 282 281 281 283 283 283 284 284 284 284 283 281 281 284 284 282 282 282 284 284 282 282 282 280 280 280 280 277 277 277 278 278 279 278 276
296 298 297 294 294 298 297 297 294 294 295 294 294 292 291 292 292 289 289 289 289 289 288 288 288 289 289 291 292 292 290 290 287 287 284 284 284 284 283 283 283 283 286 286 286 285 285 285 285 284 283 283 280 281 278 280 281 281 281 281 280 281 283 283 283 284 284 282 281 281 281 281 282 282 282 282 282 282 282 282 282 280 280 280 280 280 279 277 276 276 276 278 278 276
295 296 297 295 297 298 297 295 294 291 291 291 289 291 289 290 289 289 289 287 287 287 287 287 288 288 288 289 291 290 290 287 284 284 287 287 286 286 286 286 285 286 286 285 284 284 284 284 286 284 283 283 280 281 281 279 278 281 281 281 281 282 282 282 284 283 282 281 281 281 280 280 280 280 282 282 282 282 281 282 282 282 281 281 280 279 277 277 277 277 276 276 276 275
296 298 297 298 297 295 295 294 293 291 288 291 289 288 286 286 286 286 286 286 286 286 286 287 287 287 287 288 291 289 289 285 285 287 285 286 286 286 285 285 286 287 287 285 284 284 284 284 284 283 282 280 280 279 281 279 278 281 281 281 280 282 282 282 283 282 281 281 281 280 280 280 280 282 282 282 281 279 280 281 283 283 281 280 280 280 279 279 278 276 276 276 275 274
296 297 299 299 296 293 292 291 291 291 288 285 285 285 285 285 286 286 286 286 286 285 285 285 285 285 286 288 286 287 286 286 283 285 285 286 286 285 285 285 286 287 286 287 284 282 284 284 285 283 283 283 282 281 278 278 279 280 279 279 281 282 282 282 282 281 280 280 280 280 280 280 282 282 282 281 279 278 280 281 283 281 283 282 280 280 279 278 276 276 277 277 277 277
296 296 296 293 293 291 288 288 288 288 285 285 285 284 283 286 286 286 286 286 285 285 285 285 285 285 285 286 286 285 283 283 283 285 285 285 285 285 285 286 287 287 284 284 284 282 283 283 285 285 285 284 282 281 278 278 280 279 279 279 282 282 282 282 281 280 280 280 280 279 279 280 282 282 281 279 278 278 280 281 280 280 281 282 280 279 278 276 276 277 278 277 276 274
296 298 294 291 290 291 290 286 285 285 284 282 285 285 285 286 286 286 286 283 283 283 283 283 284 284 284 285 285 284 283 283 280 283 286 284 285 285 285 287 285 287 286 284 282 282 282 284 284 284 284 282 281 281 280 277 279 279 279 279 282 282 282 281 280 280 278 277 277 278 279 280 280 281 278 278 278 280 280 280 280 280 280 280 279 279 279 276 276 278 277 277 276 277
296 296 293 292 289 286 286 285 285 285 282 285 285 288 287 288 286 286 283 283 282 282 282 282 282 282 282 283 283 283 280 280 283 283 283 280 283 285 285 285 285 286 287 285 284 282 282 284 283 282 283 283 282 280 279 278 277 279 279 280 282 282 282 281 280 280 277 277 277 278 280 279 279 278 278 278 280 279 280 279 279 280 280 279 279 279 279 278 278 278 277 277 275 274
293 293 290 289 288 286 286 285 282 282 282 285 286 287 285 285 286 283 283 283 283 281 281 282 282 282 279 277 279 280 277 280 280 281 280 283 284 285 285 284 284 285 286 285 282 282 282 284 282 281 282 283 283 280 280 278 277 277 279 281 282 282 282 282 280 280 280 277 276 278 278 278 278 276 278 278 278 278 279 279 279 280 279 279 276 277 277 277 277 277 276 274 274 274
291 289 287 286 283 283 283 283 282 285 285 285 285 285 284 283 283 283 281 280 282 282 281 281 281 281 278 276 275 277 276 277 282 283 283 283 283 283 284 286 285 286 286 285 283 281 282 282 282 280 280 281 282 280 282 279 277 278 279 279 281 280 282 280 280 280 278 278 276 276 278 278 276 278 278 278 278 278 276 278 279 279 279 277 276 277 276 276 277 277 277 274 274 274
