R4Research-BCEENET2021/data/bio/bio_12.asc
NCOLS 1249 
NROWS 465 
XLLCORNER -86.9583333333333 
YLLCORNER 33.5416666666667 
CELLSIZE 0.00833333333333333 
NODATA_value -3.4e+38 
[rows 74 to 110 of 465, columns 588 to 671 of 1249]
1129 1130 1129 1115 1113 1106 1105 1106 1106 1115 1117 1117 1119 1120 1120 1123 1125 1127 1131 1129 1129 1131 1131 1134 1139 1147 1147 1151 1148 1143 1141 1134 1135 1131 1130 1128 1127 1127 1128 1126 1127 1126 1125 1125 1119 1120 1126 1132 1127 1127 1127 1127 1125 1126 1127 1130 1130 1130 1129 1128 1127 1130 1136 1149 1153 1164 1174 1160 1140 1140 1140 1160 1175 1159 1153 1151 1155 1151 1139 1133 1129 1125 1122 1115
1125 1116 1105 1101 1105 1111 1115 1117 1116 1118 1122 1122 1123 1124 1124 1127 1125 1133 1138 1132 1128 1128 1134 1144 1144 1143 1141 1144 1140 1135 1134 1134 1134 1133 1134 1134 1134 1128 1126 1124 1127 1127 1125 1122 1125 1126 1129 1138 1132 1132 1133 1132 1127 1130 1134 1131 1131 1131 1134 1131 1134 1146 1159 1173 1180 1174 1170 1154 1160 1163 1171 1161 1145 1137 1139 1143 1143 1129 1123 1123 1123 1122 1123 1119
1101 1105 1105 1108 1115 1118 1118 1119 1123 1125 1123 1123 1127 1130 1129 1137 1130 1137 1135 1133 1133 1133 1133 1136 1138 1137 1135 1135 1134 1132 1130 1131 1135 1135 1135 1134 1134 1127 1124 1126 1127 1124 1125 1128 1128 1129 1133 1138 1140 1139 1139 1138 1138 1139 1131 1131 1131 1132 1131 1139 1161 1173 1174 1187 1196 1187 1174 1166 1171 1163 1140 1133 1129 1129 1129 1126 1126 1124 1123 1123 1127 1125 1126 1125
1112 1115 1115 1116 1117 1121 1127 1130 1126 1127 1128 1132 1137 1140 1140 1137 1131 1134 1136 1140 1135 1133 1136 1136 1138 1137 1135 1135 1134 1134 1132 1135 1135 1133 1134 1135 1133 1127 1125 1123 1123 1123 1128 1128 1131 1135 1138 1138 1137 1139 1137 1136 1136 1131 1132 1132 1135 1132 1131 1133 1142 1149 1176 1183 1163 1166 1156 1165 1149 1137 1135 1129 1129 1128 1127 1130 1126 1125 1124 1126 1129 1133 1137 1142
1117 1118 1120 1128 1126 1122 1123 1130 1130 1134 1141 1139 1142 1142 1137 1139 1138 1141 1142 1141 1139 1136 1137 1134 1136 1137 1137 1135 1135 1134 1131 1133 1133 1133 1133 1135 1134 1129 1126 1127 1129 1130 1136 1137 1137 1140 1136 1134 1135 1131 1130 1132 1133 1136 1141 1141 1144 1142 1136 1134 1134 1145 1146 1140 1145 1145 1143 1142 1148 1152 1141 1142 1139 1140 1140 1144 1136 1137 1137 1137 1147 1165 1177 1193
1123 1127 1126 1126 1130 1125 1135 1136 1135 1132 1136 1137 1137 1142 1141 1141 1141 1144 1143 1140 1134 1134 1133 1133 1133 1134 1135 1135 1135 1134 1131 1133 1133 1133 1135 1133 1130 1125 1130 1134 1136 1141 1141 1137 1137 1138 1134 1132 1131 1131 1135 1136 1140 1143 1146 1148 1145 1145 1142 1146 1152 1147 1152 1167 1164 1155 1141 1143 1154 1164 1152 1160 1164 1171 1179 1179 1152 1160 1162 1163 1156 1163 1169 1187
1123 1128 1136 1133 1142 1132 1142 1136 1132 1128 1137 1138 1145 1145 1142 1138 1141 1141 1140 1137 1133 1135 1134 1133 1132 1134 1133 1134 1132 1132 1131 1129 1132 1130 1128 1128 1127 1133 1136 1136 1136 1137 1137 1137 1134 1134 1135 1136 1141 1139 1142 1144 1144 1146 1147 1152 1150 1148 1150 1153 1160 1163 1150 1155 1156 1157 1157 1152 1163 1185 1179 1185 1197 1191 1193 1171 1161 1185 1193 1182 1181 1180 1221 1222
1132 1133 1132 1135 1137 1136 1137 1135 1133 1139 1138 1140 1141 1141 1138 1139 1139 1137 1138 1136 1134 1133 1133 1133 1135 1130 1132 1132 1132 1132 1130 1127 1131 1129 1133 1133 1133 1135 1135 1134 1134 1137 1136 1136 1137 1137 1137 1140 1143 1144 1144 1149 1151 1151 1155 1161 1163 1161 1164 1159 1170 1165 1160 1170 1189 1176 1182 1173 1189 1227 1228 1216 1200 1190 1179 1172 1187 1203 1223 1240 1215 1204 1212 1231
1141 1133 1130 1132 1133 1132 1133 1133 1136 1139 1138 1137 1138 1138 1136 1133 1137 1138 1138 1134 1134 1133 1131 1133 1133 1134 1132 1132 1133 1132 1131 1129 1131 1133 1137 1137 1136 1134 1133 1134 1134 1135 1137 1141 1138 1139 1140 1143 1146 1151 1152 1153 1157 1163 1176 1188 1177 1182 1188 1176 1185 1182 1182 1189 1203 1222 1224 1183 1195 1218 1223 1225 1203 1189 1184 1194 1227 1252 1249 1236 1228 1221 1227 1229
1135 1135 1138 1137 1132 1130 1132 1131 1139 1137 1134 1133 1135 1136 1136 1133 1134 1135 1137 1138 1134 1136 1131 1133 1132 1129 1133 1129 1132 1130 1129 1132 1136 1135 1138 1138 1134 1134 1144 1144 1150 1145 1146 1145 1146 1143 1144 1153 1153 1153 1158 1163 1183 1185 1196 1212 1212 1230 1225 1205 1221 1233 1234 1223 1222 1217 1207 1186 1183 1190 1199 1216 1218 1233 1234 1244 1239 1215 1216 1219 1223 1215 1218 1235
1133 1134 1139 1134 1133 1132 1132 1130 1132 1137 1131 1133 1137 1137 1135 1131 1133 1138 1135 1136 1136 1134 1130 1126 1127 1129 1130 1128 1126 1127 1130 1135 1138 1140 1139 1136 1134 1138 1145 1146 1146 1145 1148 1151 1154 1151 1151 1155 1160 1161 1163 1172 1184 1213 1225 1233 1245 1260 1250 1231 1248 1268 1253 1243 1263 1274 1263 1232 1227 1230 1228 1218 1217 1230 1226 1222 1212 1195 1199 1214 1211 1215 1233 1232
1134 1140 1133 1133 1135 1135 1130 1130 1130 1132 1130 1133 1133 1129 1131 1138 1138 1131 1136 1134 1129 1129 1132 1129 1131 1136 1133 1135 1136 1138 1138 1140 1142 1139 1139 1134 1139 1145 1144 1144 1147 1150 1158 1172 1184 1163 1155 1160 1167 1177 1193 1207 1229 1235 1251 1278 1278 1305 1301 1278 1287 1308 1297 1292 1291 1276 1263 1241 1230 1234 1232 1220 1205 1198 1200 1197 1196 1188 1186 1193 1208 1224 1247 1226
1133 1131 1130 1133 1134 1132 1130 1130 1130 1130 1129 1133 1133 1134 1137 1137 1130 1132 1132 1127 1131 1129 1125 1129 1129 1138 1135 1137 1137 1141 1141 1142 1138 1137 1137 1144 1145 1144 1145 1150 1156 1161 1174 1184 1170 1167 1174 1189 1207 1230 1247 1262 1251 1243 1252 1267 1283 1299 1301 1307 1292 1289 1280 1270 1254 1244 1237 1236 1230 1231 1222 1218 1217 1206 1197 1197 1186 1180 1182 1195 1201 1248 1248 1208
1131 1130 1128 1128 1129 1130 1130 1129 1128 1130 1136 1138 1138 1137 1136 1130 1130 1130 1137 1126 1123 1124 1125 1130 1134 1137 1136 1136 1140 1141 1141 1138 1136 1134 1144 1145 1145 1147 1152 1161 1174 1173 1187 1192 1199 1212 1222 1240 1242 1233 1241 1250 1229 1245 1253 1256 1251 1249 1244 1247 1249 1253 1264 1275 1268 1265 1269 1271 1265 1278 1268 1255 1252 1223 1200 1188 1188 1187 1179 1194 1201 1228 1219 1209
1130 1128 1128 1128 1129 1130 1130 1134 1138 1131 1132 1138 1134 1131 1129 1130 1132 1130 1124 1128 1129 1131 1129 1136 1137 1134 1137 1138 1141 1141 1140 1136 1132 1142 1143 1145 1150 1157 1162 1180 1199 1193 1205 1229 1238 1240 1236 1229 1232 1238 1238 1227 1214 1214 1214 1219 1219 1220 1229 1244 1259 1294 1314 1314 1283 1311 1346 1344 1313 1326 1319 1310 1272 1232 1197 1189 1183 1188 1173 1171 1179 1184 1219 1188
1129 1128 1127 1128 1130 1139 1139 1141 1137 1140 1131 1129 1129 1131 1132 1136 1132 1123 1129 1133 1131 1131 1135 1130 1133 1137 1137 1141 1141 1140 1135 1135 1142 1142 1144 1150 1156 1170 1181 1200 1221 1232 1216 1234 1233 1221 1230 1235 1221 1212 1209 1205 1208 1213 1211 1219 1229 1251 1273 1296 1299 1346 1357 1320 1329 1374 1370 1362 1344 1362 1360 1355 1309 1264 1224 1196 1182 1177 1172 1161 1168 1173 1178 1173
1126 1126 1127 1136 1139 1137 1140 1139 1140 1128 1125 1128 1130 1132 1131 1131 1132 1128 1129 1131 1129 1130 1130 1132 1137 1137 1137 1139 1138 1139 1134 1137 1142 1144 1147 1156 1176 1185 1198 1215 1233 1233 1230 1223 1213 1225 1220 1208 1203 1205 1211 1214 1226 1236 1232 1250 1265 1289 1324 1349 1364 1433 1423 1365 1393 1381 1355 1334 1341 1357 1332 1344 1333 1305 1272 1222 1196 1191 1186 1178 1175 1164 1172 1172
1126 1128 1129 1137 1139 1133 1131 1132 1129 1126 1125 1128 1125 1129 1127 1129 1128 1125 1125 1127 1127 1130 1134 1137 1137 1135 1132 1134 1134 1135 1138 1142 1143 1150 1160 1176 1178 1197 1202 1193 1208 1225 1207 1210 1208 1202 1200 1202 1209 1221 1228 1244 1252 1268 1280 1281 1293 1323 1361 1347 1390 1437 1414 1425 1428 1395 1346 1320 1345 1342 1317 1316 1336 1298 1259 1240 1206 1191 1191 1198 1202 1183 1171 1160
1129 1130 1129 1136 1129 1124 1122 1124 1123 1123 1128 1125 1129 1129 1123 1121 1123 1128 1134 1133 1130 1130 1130 1130 1131 1131 1135 1134 1138 1140 1143 1146 1144 1154 1176 1189 1194 1176 1166 1184 1192 1204 1210 1198 1195 1206 1206 1226 1233 1233 1241 1267 1299 1321 1369 1368 1352 1323 1310 1324 1389 1381 1365 1407 1397 1391 1361 1335 1307 1303 1295 1299 1312 1295 1246 1208 1201 1199 1193 1204 1206 1194 1195 1193
1131 1130 1125 1127 1124 1123 1122 1122 1122 1126 1129 1124 1123 1124 1125 1132 1132 1138 1133 1133 1133 1138 1133 1134 1139 1140 1143 1144 1141 1140 1145 1142 1144 1159 1177 1191 1171 1165 1177 1181 1208 1216 1192 1202 1231 1239 1217 1226 1223 1235 1263 1330 1349 1403 1428 1380 1352 1298 1297 1329 1379 1363 1340 1392 1364 1371 1353 1333 1308 1280 1266 1291 1273 1254 1222 1211 1207 1202 1191 1196 1194 1197 1217 1232
1128 1123 1122 1123 1124 1126 1125 1123 1123 1124 1123 1123 1123 1132 1132 1132 1135 1141 1133 1144 1142 1143 1143 1142 1145 1150 1150 1152 1148 1150 1160 1161 1147 1153 1162 1167 1162 1186 1205 1190 1186 1186 1191 1217 1255 1252 1225 1214 1222 1229 1248 1278 1310 1337 1360 1349 1340 1338 1296 1293 1336 1336 1311 1360 1327 1352 1374 1343 1308 1293 1272 1247 1236 1225 1221 1228 1237 1214 1203 1193 1185 1189 1222 1235
1122 1123 1123 1122 1124 1124 1123 1123 1121 1120 1121 1122 1130 1135 1136 1137 1141 1141 1141 1146 1149 1149 1153 1158 1158 1165 1165 1171 1175 1174 1177 1156 1162 1177 1166 1157 1175 1201 1222 1207 1186 1182 1199 1223 1253 1238 1231 1232 1226 1230 1238 1253 1264 1281 1290 1290 1304 1344 1314 1284 1306 1299 1292 1302 1293 1318 1353 1341 1325 1290 1261 1247 1228 1228 1228 1218 1219 1216 1216 1200 1198 1182 1190 1209
1123 1121 1121 1122 1122 1125 1123 1121 1122 1128 1134 1134 1130 1134 1136 1141 1143 1144 1151 1153 1156 1166 1175 1189 1195 1203 1199 1208 1198 1171 1155 1166 1180 1201 1199 1186 1171 1197 1197 1198 1198 1191 1199 1224 1236 1248 1265 1256 1237 1237 1245 1264 1265 1266 1269 1273 1280 1285 1279 1272 1279 1267 1267 1290 1273 1293 1293 1281 1288 1282 1257 1247 1243 1240 1238 1227 1239 1247 1230 1221 1227 1221 1191 1184
1123 1122 1121 1122 1122 1119 1119 1123 1132 1134 1136 1135 1135 1136 1142 1143 1151 1156 1165 1171 1176 1193 1216 1240 1240 1236 1222 1211 1184 1157 1167 1188 1197 1193 1215 1212 1176 1183 1200 1210 1206 1211 1233 1261 1268 1275 1277 1260 1256 1247 1255 1261 1264 1268 1265 1275 1273 1281 1277 1267 1259 1251 1257 1273 1260 1279 1282 1266 1257 1240 1246 1248 1243 1259 1247 1231 1242 1250 1244 1214 1206 1203 1194 1192
1122 1123 1121 1119 1119 1120 1123 1133 1132 1133 1134 1136 1142 1150 1159 1162 1180 1182 1204 1207 1201 1212 1224 1224 1219 1222 1215 1197 1170 1168 1190 1211 1213 1228 1224 1193 1175 1199 1215 1198 1207 1223 1252 1300 1330 1318 1316 1298 1286 1276 1267 1264 1263 1270 1266 1274 1273 1281 1260 1270 1278 1269 1248 1250 1279 1289 1289 1270 1243 1228 1241 1236 1228 1252 1259 1241 1213 1225 1222 1222 1225 1220 1204 1194
1123 1118 1120 1119 1122 1128 1131 1133 1133 1134 1138 1146 1154 1170 1183 1177 1186 1198 1222 1240 1227 1226 1221 1206 1199 1201 1195 1177 1176 1189 1216 1225 1230 1228 1201 1192 1179 1203 1223 1213 1212 1233 1263 1316 1357 1356 1326 1315 1316 1299 1287 1272 1266 1266 1264 1265 1265 1270 1266 1258 1271 1282 1285 1256 1263 1266 1262 1258 1257 1231 1230 1230 1229 1244 1239 1241 1223 1210 1215 1215 1215 1208 1202 1196
1118 1119 1121 1121 1125 1132 1127 1132 1133 1136 1141 1141 1149 1157 1175 1207 1214 1226 1253 1238 1238 1225 1210 1190 1183 1182 1176 1183 1198 1205 1218 1243 1236 1205 1197 1195 1180 1192 1201 1215 1229 1253 1287 1307 1328 1364 1357 1345 1358 1344 1307 1282 1282 1269 1267 1257 1255 1253 1253 1251 1268 1268 1268 1263 1243 1246 1244 1247 1248 1244 1222 1223 1228 1235 1233 1241 1231 1217 1210 1209 1208 1218 1207 1201
1115 1124 1123 1120 1123 1123 1132 1134 1135 1137 1141 1146 1153 1175 1207 1230 1243 1229 1234 1224 1216 1211 1191 1187 1181 1189 1197 1209 1210 1211 1229 1229 1207 1198 1191 1184 1190 1190 1200 1214 1242 1281 1277 1294 1319 1323 1303 1317 1357 1354 1322 1300 1280 1269 1264 1272 1264 1262 1271 1246 1245 1247 1257 1257 1242 1234 1249 1242 1237 1243 1238 1224 1233 1234 1238 1243 1239 1225 1217 1211 1210 1221 1221 1216
1126 1122 1123 1125 1130 1133 1130 1133 1136 1139 1146 1150 1165 1187 1217 1243 1230 1221 1212 1201 1193 1188 1193 1199 1207 1219 1222 1230 1226 1230 1229 1206 1198 1192 1193 1188 1190 1194 1200 1215 1248 1264 1276 1292 1303 1296 1270 1275 1300 1341 1351 1321 1292 1295 1295 1293 1282 1283 1288 1269 1255 1243 1234 1254 1248 1244 1233 1240 1236 1248 1239 1228 1225 1226 1232 1242 1232 1231 1224 1222 1227 1215 1216 1215
1123 1120 1122 1125 1130 1134 1137 1137 1143 1153 1157 1175 1198 1203 1219 1238 1220 1211 1198 1186 1183 1193 1206 1210 1214 1226 1252 1239 1249 1229 1211 1201 1192 1196 1189 1192 1195 1194 1206 1227 1257 1243 1256 1294 1299 1282 1259 1256 1263 1291 1319 1305 1272 1266 1273 1273 1287 1286 1276 1272 1267 1254 1239 1250 1258 1242 1238 1236 1235 1235 1236 1234 1240 1226 1237 1247 1241 1253 1240 1233 1227 1223 1218 1216
1119 1123 1131 1133 1133 1135 1139 1145 1155 1183 1200 1181 1191 1219 1241 1226 1207 1196 1192 1189 1193 1206 1217 1223 1231 1241 1235 1254 1238 1218 1206 1202 1194 1191 1192 1196 1205 1208 1214 1235 1229 1258 1286 1296 1285 1265 1266 1252 1267 1291 1278 1285 1275 1272 1273 1263 1263 1272 1267 1263 1256 1254 1234 1239 1249 1257 1258 1255 1250 1247 1241 1234 1233 1227 1226 1233 1237 1273 1252 1244 1231 1223 1211 1216
1119 1125 1127 1133 1133 1136 1143 1149 1163 1192 1193 1207 1224 1225 1213 1201 1194 1195 1197 1196 1205 1224 1224 1231 1247 1248 1256 1237 1218 1209 1205 1198 1191 1191 1198 1208 1208 1226 1229 1238 1239 1270 1285 1285 1266 1257 1257 1267 1289 1304 1279 1271 1269 1264 1270 1273 1264 1252 1264 1289 1275 1251 1249 1237 1251 1253 1255 1269 1272 1263 1261 1258 1263 1263 1253 1231 1232 1259 1255 1246 1234 1232 1219 1230
1121 1124 1127 1129 1133 1141 1151 1168 1195 1191 1213 1230 1212 1201 1194 1192 1193 1195 1202 1208 1220 1231 1237 1247 1273 1263 1237 1220 1207 1201 1195 1195 1194 1198 1204 1216 1222 1228 1247 1277 1257 1279 1285 1270 1258 1252 1252 1268 1280 1285 1274 1278 1273 1264 1253 1253 1254 1255 1255 1248 1257 1265 1242 1239 1260 1253 1255 1262 1262 1255 1250 1263 1261 1260 1264 1255 1244 1238 1248 1249 1241 1229 1226 1232
1128 1130 1128 1131 1138 1149 1164 1192 1227 1220 1245 1226 1204 1193 1191 1193 1195 1202 1218 1225 1239 1248 1264 1268 1256 1230 1220 1208 1201 1199 1202 1203 1203 1205 1211 1221 1231 1251 1257 1271 1296 1294 1274 1254 1256 1251 1257 1267 1280 1283 1294 1294 1277 1270 1262 1275 1270 1256 1255 1257 1257 1252 1258 1250 1253 1258 1253 1256 1262 1269 1264 1254 1261 1264 1260 1247 1246 1237 1233 1237 1244 1230 1244 1246
1129 1131 1133 1138 1146 1160 1182 1224 1277 1267 1252 1227 1203 1191 1192 1195 1202 1213 1238 1247 1258 1278 1281 1261 1233 1220 1213 1200 1196 1200 1203 1210 1208 1210 1214 1227 1245 1269 1292 1297 1307 1279 1260 1252 1253 1251 1263 1272 1280 1290 1294 1306 1302 1285 1287 1277 1270 1263 1262 1272 1261 1249 1246 1245 1245 1252 1251 1270 1254 1264 1270 1270 1251 1256 1261 1251 1238 1237 1243 1239 1234 1235 1244 1255
1131 1138 1147 1156 1166 1184 1227 1270 1288 1269 1252 1225 1202 1195 1194 1201 1209 1231 1248 1271 1292 1277 1250 1230 1220 1215 1204 1198 1192 1200 1205 1205 1207 1211 1218 1232 1252 1258 1278 1282 1297 1279 1253 1256 1252 1255 1264 1269 1280 1282 1291 1289 1297 1307 1298 1289 1290 1281 1279 1296 1278 1272 1271 1254 1243 1246 1246 1265 1258 1256 1256 1259 1259 1248 1250 1244 1243 1253 1252 1244 1237 1248 1258 1266
1144 1154 1167 1193 1211 1231 1253 1250 1264 1256 1244 1225 1210 1202 1201 1205 1222 1245 1272 1271 1271 1241 1227 1220 1215 1204 1199 1198 1195 1195 1194 1201 1206 1215 1229 1245 1250 1255 1258 1280 1293 1262 1251 1254 1250 1259 1264 1267 1268 1274 1296 1287 1286 1295 1311 1284 1285 1276 1278 1289 1272 1269 1258 1259 1262 1248 1247 1259 1258 1249 1247 1251 1257 1258 1242 1249 1247 1263 1262 1260 1260 1259 1269 1279
