R4Research-BCEENET2021/data/bio/bio_16.asc
NCOLS 1249 
NROWS 465 
XLLCORNER -86.9583333333333 
YLLCORNER 33.5416666666667 
CELLSIZE 0.00833333333333333 
NODATA_value -3.4e+38 
[rows 123 to 163 of 465, columns 564 to 657 of 1249]
327 327 327 327 330 331 332 335 339 337 334 332 331 330 327 327 329 331 331 331 332 334 338 342 345 347 350 346 341 339 339 338 338 337 335 338 339 339 340 339 337 340 340 340 342 342 339 340 341 342 342 344 344 347 350 352 364 361 353 350 350 351 354 358 357 356 354 355 354 356 357 362 373 380 366 370 367 361 361 367 369 379 384 382 375 366 365 365 369 365 365 365 365 365
327 327 327 327 329 329 330 331 331 330 328 328 328 330 329 330 332 333 334 332 334 338 343 344 350 350 344 341 339 338 338 338 338 337 339 340 340 337 337 337 339 342 342 339 341 341 342 341 342 343 344 346 347 347 350 357 369 357 352 349 351 352 356 360 358 356 354 357 357 357 357 361 368 380 372 364 361 361 362 364 373 374 370 372 381 368 365 365 365 365 364 364 364 365
327 327 327 327 329 329 329 331 328 327 327 328 327 328 330 332 334 335 335 334 337 342 347 350 346 341 339 338 336 337 337 338 340 341 342 340 337 336 339 340 341 343 342 342 344 343 342 342 342 344 345 349 350 351 351 356 366 354 351 351 351 352 354 358 357 356 357 358 360 358 358 360 368 380 377 371 365 361 361 365 370 367 367 379 381 368 365 367 366 366 366 366 368 368
329 327 327 328 329 329 329 328 327 327 327 328 328 327 330 332 335 333 334 339 342 344 348 346 341 338 337 336 336 336 338 340 341 342 339 336 337 341 342 339 342 344 344 345 344 343 343 343 344 346 349 349 350 357 360 363 358 352 351 352 351 352 354 357 358 360 360 366 365 358 365 364 377 377 383 378 369 367 363 363 363 365 373 383 377 367 366 366 366 367 367 368 368 369
327 326 327 327 326 326 327 328 328 331 333 333 329 330 332 332 333 335 340 343 345 347 346 340 337 337 336 335 337 338 340 340 341 337 336 337 341 341 339 341 344 344 343 343 344 344 344 344 346 348 350 352 355 370 370 361 355 354 352 353 352 353 354 357 364 370 372 369 363 360 364 372 380 380 385 374 368 368 364 367 364 368 378 374 371 366 366 366 367 369 370 372 370 370
326 327 327 328 328 328 330 331 331 333 333 333 329 329 330 331 334 336 339 341 345 344 340 336 335 335 337 338 336 338 338 338 337 336 336 337 338 339 343 344 344 343 343 343 344 344 347 348 348 352 357 359 357 357 355 357 359 358 356 354 353 353 354 356 366 378 384 369 366 366 367 379 380 382 387 377 375 377 366 363 363 371 371 366 366 367 366 366 368 372 376 372 372 371
329 329 330 331 330 330 329 331 332 333 332 332 331 332 335 337 332 334 341 344 342 339 336 335 335 336 338 337 337 337 337 336 336 336 337 339 339 344 344 343 341 341 342 343 344 346 348 351 354 352 350 350 351 350 352 361 355 355 357 354 354 353 354 358 367 384 397 378 376 374 381 384 381 381 380 367 368 369 363 362 366 368 366 366 366 366 367 367 368 370 370 370 370 371
329 330 331 332 333 333 330 331 334 333 333 333 333 335 340 339 334 336 339 338 336 336 335 335 336 336 337 337 337 337 336 336 337 338 338 338 339 341 340 340 342 343 343 345 346 347 350 354 350 348 350 349 349 350 354 364 359 353 354 353 353 354 355 359 368 389 400 381 384 398 395 384 384 385 369 364 362 365 362 364 368 368 368 366 367 367 367 367 367 368 369 371 370 371
332 331 332 333 334 333 330 331 334 336 335 335 338 340 344 342 336 336 336 336 336 336 337 337 337 338 339 338 338 338 338 336 338 339 339 339 338 338 340 341 341 343 346 345 347 350 355 348 348 348 350 350 351 355 358 363 366 354 352 352 353 353 357 367 373 381 380 376 373 387 379 381 379 372 364 361 362 362 360 365 366 366 364 366 368 368 368 367 368 369 370 371 371 371
333 333 332 335 336 334 334 331 334 336 338 339 342 343 341 338 336 336 336 338 340 341 338 341 341 342 342 340 340 339 338 336 337 338 339 338 338 338 340 340 343 346 347 348 354 357 350 348 347 348 349 349 351 352 352 361 363 356 352 352 353 355 361 372 391 399 377 367 365 370 369 375 370 365 366 364 362 363 361 363 364 368 366 367 367 368 367 368 368 368 370 371 371 371
333 334 334 335 337 337 335 333 334 338 342 345 344 343 339 337 337 339 341 343 343 343 341 345 347 347 346 345 343 340 339 338 340 338 338 341 340 340 340 340 345 347 350 351 350 350 349 347 347 347 349 349 349 350 350 352 354 352 351 351 352 354 357 371 395 385 379 369 365 363 364 368 364 364 371 368 367 364 364 363 363 366 366 365 367 368 368 368 368 367 369 371 371 372
334 334 335 335 337 337 336 338 338 336 340 342 341 339 339 339 341 343 343 345 347 347 342 345 348 347 345 344 341 341 340 338 339 341 341 342 341 342 341 341 345 347 348 347 347 350 349 347 346 346 347 349 348 349 351 352 352 351 351 351 352 354 357 377 388 377 374 369 369 363 361 365 364 365 367 365 368 363 363 364 365 365 367 367 366 367 367 367 369 369 369 369 371 372
337 337 337 336 337 339 341 343 344 338 336 337 337 339 341 344 347 346 347 348 359 350 345 345 349 348 346 344 344 340 339 339 341 341 342 343 343 343 341 342 343 344 346 346 348 348 349 347 346 348 349 348 349 350 352 353 351 351 351 351 351 353 357 374 374 377 387 377 366 365 360 365 361 362 363 362 365 362 362 364 365 365 365 366 366 366 367 369 370 370 369 372 373 373
339 339 339 338 341 343 344 343 340 336 337 340 338 340 341 346 354 353 356 359 360 352 348 348 352 350 347 345 344 343 342 340 340 342 343 345 346 346 346 345 346 344 344 344 347 347 347 347 348 349 350 351 351 352 352 352 351 350 351 351 353 353 357 369 371 374 380 377 366 362 360 361 362 362 362 364 363 362 364 365 365 365 365 366 366 368 369 369 369 369 371 373 372 374
340 342 341 341 343 345 343 340 338 337 338 344 345 345 344 343 346 347 348 350 354 356 352 350 353 349 346 347 346 346 343 340 340 343 345 345 348 348 348 348 348 347 347 344 346 346 346 347 348 348 349 351 351 351 352 351 351 350 350 351 353 358 368 369 369 368 374 377 370 363 362 360 361 361 361 363 365 364 364 364 365 367 366 366 366 368 369 369 370 371 371 372 373 374
344 345 343 341 342 342 341 339 338 342 342 342 344 348 346 345 343 345 345 349 352 354 352 355 355 348 346 345 343 343 342 341 343 343 345 347 357 358 353 348 348 347 346 346 346 347 348 348 348 349 350 351 351 350 350 351 350 351 351 352 352 354 360 374 370 368 367 366 369 365 362 364 362 362 362 362 363 365 365 364 366 367 367 368 368 369 370 370 370 372 371 372 374 375
345 343 343 343 344 345 344 341 342 349 349 345 342 343 345 348 349 345 345 347 349 351 353 353 354 352 348 346 346 345 345 343 342 342 345 347 347 348 350 350 350 349 346 346 348 349 349 348 348 348 348 349 350 349 350 350 350 350 351 353 353 355 358 373 378 375 372 366 366 368 366 366 364 362 362 364 363 363 365 366 366 366 367 368 369 370 371 372 372 373 372 373 375 378
343 344 345 346 350 347 342 341 342 346 346 344 343 343 346 350 353 352 349 347 347 349 351 352 352 351 351 350 348 348 346 347 345 342 345 346 346 347 350 352 349 347 347 348 348 349 349 348 349 349 348 348 348 350 350 351 351 352 352 352 352 353 355 368 380 378 375 369 362 361 361 362 362 362 363 363 363 363 366 366 366 366 366 368 369 370 370 371 371 371 372 373 378 381
345 347 351 350 347 345 344 342 341 344 344 343 343 344 347 351 359 358 355 351 350 349 349 348 350 351 351 351 351 348 348 347 347 344 345 346 346 347 350 350 348 349 348 349 349 349 351 349 350 351 351 350 349 350 350 352 352 353 352 353 353 354 355 359 367 380 384 379 370 367 364 362 362 363 363 363 365 365 366 366 367 366 368 368 369 370 371 371 371 371 373 377 379 380
348 349 347 346 345 345 345 344 341 343 343 344 343 343 344 347 350 358 361 357 354 352 349 350 349 350 350 350 351 351 351 349 347 347 345 346 346 347 350 354 354 348 352 354 350 350 353 357 352 353 353 351 350 351 350 350 351 352 352 353 354 355 358 358 359 364 370 374 370 372 367 363 364 363 362 363 364 366 368 368 368 368 368 368 369 370 371 373 372 374 374 374 375 374
349 347 345 345 345 344 344 342 344 344 344 345 345 345 344 345 349 351 354 358 358 360 354 354 351 351 350 350 351 351 352 350 349 346 347 348 350 349 349 354 361 354 351 358 365 354 359 365 357 362 357 354 355 353 353 352 351 353 353 354 354 358 358 358 359 361 362 362 361 361 362 361 363 363 363 365 369 369 368 368 368 368 366 361 363 366 370 371 371 374 374 368 367 367
347 345 345 345 345 344 344 345 345 345 346 348 350 347 347 345 345 345 346 348 351 352 356 354 352 352 351 351 350 350 350 350 348 346 346 349 351 355 354 361 366 358 355 365 373 366 368 369 373 376 368 362 360 361 357 353 352 351 352 354 354 355 355 356 358 360 362 363 362 361 361 363 362 363 364 365 370 369 369 368 367 364 360 358 355 355 358 370 370 368 369 366 362 363
347 346 346 346 346 346 345 346 346 347 350 355 361 355 351 349 346 347 345 345 346 346 347 348 348 348 349 350 351 350 350 350 349 347 346 349 354 358 362 368 376 371 369 377 388 379 377 383 384 388 369 365 361 360 357 354 352 352 353 353 355 359 354 356 358 360 362 362 362 361 361 361 361 363 364 366 366 368 369 367 362 358 357 353 353 351 351 360 369 365 363 364 362 362
346 345 347 348 346 346 346 348 348 350 355 373 376 367 361 351 351 348 346 346 348 348 345 346 346 346 347 348 350 353 354 351 350 349 348 349 350 351 357 363 380 387 386 395 401 392 388 395 394 385 369 366 366 358 358 353 352 352 354 354 354 354 356 361 365 364 364 365 364 364 363 363 362 363 364 364 366 367 367 367 363 360 357 358 354 351 351 354 360 363 363 363 360 360
346 346 347 350 349 348 348 352 350 350 360 370 362 360 361 357 356 353 351 351 351 347 346 347 347 346 346 347 349 350 351 351 349 349 348 348 349 351 351 353 361 380 392 398 405 408 403 399 394 383 375 369 361 358 353 353 354 354 355 354 356 356 360 368 368 368 368 366 364 367 367 365 366 367 367 366 366 366 367 369 369 367 363 358 357 356 353 351 350 355 360 360 360 363
345 347 348 354 358 358 354 358 355 351 357 360 357 357 357 357 357 359 353 351 349 348 347 347 350 348 349 349 347 348 349 350 350 350 349 348 349 349 351 353 353 357 363 371 384 394 384 377 374 371 374 366 366 365 358 354 356 354 357 360 360 356 356 363 366 369 373 368 368 368 371 370 367 367 372 370 372 370 371 371 373 369 365 361 360 357 356 353 353 351 351 357 359 362
347 346 349 357 360 358 360 360 354 352 356 358 357 357 358 360 359 356 351 348 348 348 348 347 350 350 349 349 348 349 350 350 350 349 349 348 350 350 349 354 355 352 356 358 364 367 367 366 363 370 376 377 374 366 355 357 360 357 360 357 356 356 356 360 362 371 373 371 370 373 379 371 367 367 372 375 375 373 375 375 375 369 365 365 361 360 359 353 353 353 348 351 356 357
348 350 351 358 364 365 367 363 360 355 354 357 360 362 365 367 367 359 351 350 348 349 347 349 349 354 351 352 351 355 354 351 350 350 350 350 350 353 351 356 365 362 353 353 355 355 356 362 367 367 374 382 380 363 362 363 362 360 356 356 356 356 360 361 365 374 377 374 373 383 377 371 371 368 371 374 375 376 378 380 373 369 366 365 367 367 363 359 356 351 346 349 353 353
350 351 355 361 367 365 370 369 366 362 360 365 373 384 376 367 360 355 350 351 349 350 349 352 350 354 354 363 371 379 369 358 354 351 350 350 352 355 355 357 362 367 358 355 355 356 356 356 359 362 367 384 391 381 370 359 356 356 356 357 360 359 360 363 365 369 373 373 377 373 371 368 371 370 371 374 376 376 376 373 371 370 367 369 369 365 361 361 360 357 348 349 353 351
353 353 358 363 364 360 359 368 368 370 373 381 381 381 368 359 355 355 351 350 349 350 352 354 351 352 366 366 385 399 380 378 363 357 351 351 351 354 358 362 366 375 371 362 362 364 364 359 364 373 377 387 376 367 358 356 357 357 356 360 362 364 363 363 366 368 370 372 371 370 368 368 371 371 371 375 372 368 373 376 374 369 363 364 367 365 360 358 358 356 349 349 350 351
368 363 364 359 358 356 354 365 362 370 363 362 362 366 370 359 355 355 353 352 355 352 354 363 360 361 377 388 396 410 407 398 379 358 351 354 355 357 355 356 367 378 380 370 375 375 370 370 364 370 381 391 378 360 358 362 366 360 361 363 363 364 363 363 365 369 363 368 370 369 369 373 375 373 371 367 368 362 362 366 367 367 363 361 361 362 361 357 355 354 349 346 349 349
373 378 365 363 358 354 354 362 358 360 354 356 360 370 391 376 367 364 362 357 371 374 360 371 386 385 383 407 399 384 393 392 381 359 355 367 362 364 361 362 364 376 384 386 383 391 392 381 370 375 386 381 365 364 373 383 379 367 365 364 363 364 364 364 366 368 361 359 367 369 370 372 373 367 362 362 364 362 358 359 361 361 359 361 361 361 358 353 354 349 349 345 346 346
365 368 358 363 367 359 353 358 353 350 352 357 367 385 410 393 391 388 382 374 377 392 375 382 387 391 404 411 392 374 373 376 364 358 362 363 373 367 362 367 372 375 381 375 386 399 400 392 388 375 373 375 378 389 400 395 384 372 367 366 364 364 364 364 366 363 357 357 361 365 368 372 372 364 362 361 362 358 358 358 358 358 355 358 358 360 358 354 351 346 344 342 342 344
373 368 359 359 365 359 352 351 351 352 356 366 380 396 415 418 424 410 413 403 404 409 404 404 388 377 392 414 400 383 366 362 358 364 378 378 375 362 361 363 372 372 371 375 395 385 392 398 384 372 381 392 404 424 418 403 389 375 365 362 358 357 360 364 364 359 353 353 357 359 359 368 368 362 362 360 359 358 358 358 358 355 355 352 358 358 355 351 348 346 347 347 348 353
364 361 357 354 364 361 355 349 351 357 369 382 389 413 440 444 445 429 425 422 432 438 416 397 384 370 382 409 408 395 373 358 355 362 374 372 367 361 361 361 367 367 365 381 386 374 382 383 370 370 381 400 422 408 403 400 392 380 367 361 357 354 357 359 357 355 353 350 353 353 358 360 364 362 363 362 360 358 355 357 358 355 357 355 352 351 348 348 348 348 351 354 356 355
359 359 353 351 355 353 351 350 352 358 371 396 418 438 445 431 420 407 399 400 421 436 430 410 392 367 371 395 397 381 369 355 355 357 360 360 361 359 361 361 365 365 371 381 382 371 379 374 365 372 392 408 403 386 375 378 381 375 367 363 358 354 353 355 353 352 350 350 349 350 355 360 362 360 363 361 360 355 354 354 357 358 358 360 356 350 346 346 348 348 355 360 360 363
367 362 354 349 353 350 351 350 353 362 379 403 424 438 425 404 394 388 392 386 397 411 403 389 376 363 364 375 383 375 360 352 364 371 360 368 368 361 361 361 363 367 368 378 379 368 371 366 374 382 387 384 378 374 364 365 365 363 359 359 357 354 350 353 349 349 346 347 346 352 357 362 360 358 358 360 360 358 355 352 357 358 356 354 351 346 345 344 347 356 363 360 357 357
371 362 353 350 350 350 348 351 360 371 399 393 397 408 397 389 383 372 375 375 378 389 397 381 372 364 356 358 364 360 354 355 364 367 367 378 375 367 372 363 363 365 368 375 379 367 365 371 382 373 376 373 364 362 361 359 357 357 355 353 353 353 350 346 350 347 345 347 346 351 353 357 353 352 355 357 360 357 354 352 355 357 356 353 348 348 347 346 353 363 365 360 356 349
363 358 355 350 348 348 350 357 383 389 392 375 368 379 368 366 368 358 363 368 375 389 403 402 392 383 376 359 354 355 353 357 364 364 367 376 374 375 379 368 364 366 368 374 369 365 365 370 371 371 377 368 362 358 357 356 355 355 355 353 352 350 350 346 348 349 346 343 344 348 353 351 351 348 353 353 357 356 353 352 351 356 356 352 351 351 356 350 348 353 361 362 362 353
358 353 350 350 348 348 351 357 364 360 360 357 356 356 357 356 355 356 360 363 369 386 414 405 386 371 367 358 354 353 354 357 361 362 365 369 373 376 379 371 365 373 368 368 365 368 365 367 371 385 379 364 358 358 357 355 354 355 354 355 355 352 350 346 343 345 344 343 345 349 354 350 348 348 348 352 354 354 354 354 354 354 353 354 362 362 362 353 346 353 362 358 353 347
351 353 350 348 348 348 349 351 351 351 352 352 353 356 354 356 364 360 359 368 385 410 397 379 378 375 363 355 352 354 359 364 371 376 373 368 369 371 374 367 364 368 365 365 365 365 366 371 373 376 367 360 358 356 354 354 354 352 352 355 355 355 351 349 345 341 345 342 343 348 350 348 345 345 350 352 350 353 354 353 357 356 353 353 362 361 352 345 352 353 355 350 350 347
