R4Research-BCEENET2021/data/bio/bio_12.asc
NCOLS 1249 
NROWS 465 
XLLCORNER -86.9583333333333 
YLLCORNER 33.5416666666667 
CELLSIZE 0.00833333333333333 
NODATA_value -3.4e+38 
[rows 222 to 258 of 465, columns 1008 to 1091 of 1249]
1183 1185 1186 1189 1187 1189 1188 1188 1189 1187 1188 1188 1189 1192 1188 1192 1193 1192 1196 1193 1198 1193 1193 1193 1199 1199 1198 1198 1198 1197 1199 1199 1200 1200 1201 1203 1203 1205 1206 1206 1206 1206 1207 1206 1205 1204 1204 1202 1203 1209 1210 1210 1210 1211 1211 1212 1212 1212 1209 1209 1209 1209 1210 1210 1208 1209 1211 1211 1212 1213 1212 1212 1213 1214 1215 1215 1215 1211 1214 1217 1215 1215 1217 1217
1180 1182 1186 1188 1187 1188 1190 1189 1190 1190 1190 1190 1188 1190 1191 1191 1190 1193 1193 1192 1192 1195 1195 1194 1198 1200 1198 1198 1198 1199 1199 1200 1200 1201 1203 1202 1202 1206 1206 1206 1206 1207 1208 1208 1208 1206 1205 1203 1206 1210 1210 1210 1211 1211 1213 1214 1214 1212 1211 1208 1209 1209 1209 1209 1209 1213 1213 1213 1212 1212 1213 1214 1214 1215 1215 1215 1216 1216 1217 1218 1218 1218 1219 1219
1186 1183 1183 1187 1190 1189 1189 1190 1189 1190 1192 1193 1193 1194 1194 1194 1195 1195 1193 1192 1193 1195 1197 1197 1197 1200 1200 1199 1199 1200 1200 1201 1201 1202 1203 1203 1204 1206 1206 1207 1208 1209 1205 1210 1211 1211 1207 1204 1209 1210 1210 1210 1212 1212 1214 1214 1214 1213 1212 1209 1211 1211 1212 1213 1214 1214 1214 1214 1216 1215 1215 1214 1215 1215 1216 1217 1217 1218 1220 1221 1222 1221 1221 1221
1188 1188 1183 1184 1186 1186 1188 1188 1190 1190 1192 1189 1193 1193 1193 1194 1196 1196 1196 1193 1194 1195 1198 1199 1200 1200 1200 1200 1200 1202 1202 1202 1203 1204 1205 1205 1207 1207 1206 1206 1208 1210 1207 1209 1211 1211 1207 1206 1209 1211 1211 1213 1213 1214 1215 1215 1214 1213 1212 1213 1212 1212 1213 1214 1214 1214 1215 1216 1216 1217 1216 1216 1217 1217 1217 1219 1219 1219 1222 1222 1222 1221 1221 1222
1186 1186 1185 1185 1185 1184 1186 1187 1187 1188 1190 1192 1193 1193 1189 1194 1195 1196 1196 1195 1196 1196 1197 1199 1201 1200 1201 1201 1202 1203 1203 1203 1204 1206 1206 1206 1208 1208 1208 1210 1208 1206 1204 1205 1210 1208 1208 1208 1209 1210 1212 1213 1213 1215 1215 1215 1215 1213 1214 1214 1213 1212 1214 1214 1215 1215 1216 1216 1217 1217 1219 1220 1220 1220 1220 1221 1221 1221 1221 1223 1222 1222 1222 1222
1188 1189 1189 1190 1191 1190 1191 1191 1192 1191 1190 1190 1190 1191 1192 1195 1193 1196 1197 1198 1197 1197 1197 1199 1200 1200 1202 1201 1204 1203 1203 1203 1206 1206 1206 1207 1208 1210 1208 1209 1210 1209 1209 1207 1208 1208 1209 1208 1209 1211 1212 1215 1217 1216 1214 1214 1214 1213 1214 1214 1213 1215 1216 1216 1216 1216 1216 1216 1219 1218 1220 1220 1220 1221 1221 1220 1220 1221 1221 1221 1223 1223 1224 1225
1189 1192 1191 1192 1193 1192 1193 1194 1195 1195 1191 1191 1192 1194 1196 1202 1200 1199 1198 1197 1195 1196 1197 1197 1197 1203 1204 1205 1205 1205 1204 1207 1209 1208 1209 1210 1210 1210 1208 1210 1210 1210 1210 1209 1209 1209 1209 1210 1211 1211 1213 1216 1215 1215 1214 1215 1214 1215 1214 1215 1216 1217 1218 1217 1218 1219 1219 1220 1220 1222 1220 1221 1219 1219 1220 1220 1220 1221 1224 1225 1225 1223 1224 1226
1190 1191 1191 1190 1195 1196 1194 1193 1193 1193 1193 1193 1194 1199 1201 1203 1202 1201 1201 1199 1196 1198 1199 1204 1205 1205 1205 1206 1206 1206 1207 1209 1209 1209 1210 1211 1211 1210 1210 1210 1211 1211 1211 1211 1210 1210 1211 1211 1210 1212 1216 1216 1215 1216 1217 1217 1218 1217 1219 1219 1218 1220 1220 1221 1219 1220 1221 1222 1223 1223 1223 1222 1222 1221 1224 1224 1225 1226 1226 1226 1226 1226 1226 1226
1191 1191 1191 1192 1193 1196 1196 1198 1198 1198 1198 1194 1195 1196 1203 1205 1204 1202 1201 1200 1201 1201 1202 1205 1206 1206 1206 1207 1206 1207 1207 1209 1210 1211 1211 1212 1211 1210 1211 1211 1211 1211 1212 1214 1214 1213 1214 1213 1213 1216 1216 1215 1216 1217 1218 1219 1220 1219 1219 1222 1222 1221 1222 1223 1223 1222 1223 1223 1223 1223 1223 1225 1226 1224 1224 1225 1226 1227 1227 1228 1228 1228 1224 1227
1191 1192 1193 1193 1192 1194 1197 1196 1198 1198 1199 1199 1197 1197 1203 1205 1203 1203 1203 1201 1202 1202 1201 1202 1202 1206 1207 1209 1208 1208 1209 1211 1213 1213 1211 1212 1212 1213 1214 1211 1211 1211 1211 1213 1214 1215 1215 1216 1216 1216 1216 1215 1216 1216 1217 1219 1219 1219 1222 1221 1221 1222 1222 1224 1224 1224 1224 1224 1225 1225 1225 1225 1226 1226 1226 1226 1227 1227 1227 1230 1231 1229 1227 1226
1193 1192 1193 1193 1194 1192 1192 1191 1192 1197 1198 1199 1197 1197 1202 1201 1202 1203 1203 1203 1203 1205 1202 1201 1200 1208 1207 1207 1206 1209 1210 1212 1212 1212 1211 1212 1213 1213 1212 1213 1214 1214 1214 1213 1214 1214 1218 1218 1216 1215 1213 1214 1215 1216 1217 1219 1220 1223 1223 1223 1221 1223 1221 1222 1225 1225 1224 1225 1226 1226 1226 1224 1224 1226 1227 1227 1229 1227 1227 1232 1232 1232 1230 1228
1195 1192 1190 1192 1192 1192 1195 1196 1198 1193 1194 1195 1197 1197 1199 1199 1199 1201 1202 1203 1203 1204 1204 1203 1202 1206 1206 1205 1208 1209 1209 1211 1211 1212 1212 1212 1213 1212 1212 1214 1214 1214 1215 1216 1215 1219 1219 1217 1217 1217 1215 1215 1216 1216 1216 1219 1219 1221 1221 1221 1223 1224 1224 1222 1226 1226 1225 1226 1226 1227 1225 1227 1227 1227 1227 1228 1231 1231 1232 1233 1233 1232 1227 1227
1190 1189 1191 1195 1194 1199 1202 1202 1203 1200 1200 1199 1196 1195 1197 1199 1201 1202 1204 1204 1204 1205 1204 1204 1203 1205 1205 1210 1211 1210 1210 1212 1214 1214 1213 1214 1213 1214 1214 1215 1215 1218 1219 1218 1217 1218 1218 1219 1221 1220 1218 1216 1216 1216 1216 1218 1218 1218 1221 1222 1223 1224 1224 1227 1227 1227 1226 1228 1230 1230 1228 1229 1230 1231 1230 1230 1231 1232 1233 1234 1233 1233 1233 1234
1194 1194 1197 1200 1199 1198 1201 1203 1204 1204 1203 1202 1202 1204 1204 1205 1203 1204 1205 1205 1205 1205 1205 1204 1204 1208 1207 1207 1209 1210 1210 1211 1214 1214 1214 1213 1214 1214 1215 1215 1215 1218 1219 1219 1218 1217 1219 1220 1220 1219 1220 1221 1219 1218 1220 1219 1219 1221 1221 1221 1222 1225 1224 1223 1223 1223 1228 1231 1228 1229 1230 1231 1232 1232 1230 1231 1233 1234 1234 1233 1233 1234 1234 1236
1200 1202 1203 1200 1199 1196 1199 1202 1203 1204 1205 1205 1205 1205 1207 1209 1209 1209 1208 1207 1208 1207 1207 1206 1206 1207 1208 1207 1207 1208 1210 1210 1212 1213 1214 1215 1214 1213 1214 1213 1215 1218 1218 1218 1218 1218 1220 1220 1221 1221 1221 1223 1223 1222 1223 1224 1224 1224 1223 1223 1224 1224 1222 1223 1224 1227 1230 1232 1232 1231 1231 1232 1232 1232 1233 1236 1235 1235 1236 1236 1238 1238 1238 1238
1202 1199 1199 1200 1200 1198 1198 1201 1201 1202 1206 1206 1205 1205 1206 1207 1208 1209 1210 1209 1208 1209 1208 1205 1206 1205 1207 1206 1208 1209 1209 1209 1210 1212 1215 1216 1216 1215 1216 1217 1216 1218 1221 1218 1218 1217 1220 1222 1222 1222 1222 1223 1224 1226 1225 1225 1227 1226 1226 1226 1227 1225 1223 1225 1225 1228 1231 1232 1232 1233 1232 1233 1233 1234 1235 1234 1235 1236 1237 1238 1239 1239 1239 1239
1204 1203 1200 1200 1200 1199 1197 1198 1202 1202 1206 1206 1208 1207 1206 1205 1206 1208 1210 1209 1207 1208 1208 1207 1207 1207 1209 1208 1209 1210 1210 1210 1211 1212 1215 1217 1217 1217 1218 1218 1217 1219 1222 1222 1221 1220 1221 1223 1223 1223 1223 1224 1224 1226 1225 1226 1227 1227 1228 1229 1229 1228 1227 1225 1225 1229 1230 1233 1233 1235 1234 1235 1234 1233 1234 1235 1236 1236 1236 1238 1237 1239 1241 1241
1206 1205 1204 1202 1202 1204 1204 1200 1201 1201 1204 1207 1207 1208 1207 1208 1207 1206 1206 1208 1206 1208 1209 1210 1210 1209 1211 1209 1209 1210 1211 1211 1211 1212 1214 1217 1218 1217 1219 1219 1218 1217 1222 1222 1222 1222 1220 1224 1224 1224 1224 1225 1224 1227 1227 1227 1227 1227 1229 1231 1230 1230 1231 1229 1229 1229 1229 1233 1235 1234 1235 1235 1236 1237 1237 1236 1236 1237 1239 1241 1240 1240 1242 1242
1208 1206 1205 1202 1203 1204 1204 1202 1199 1201 1203 1205 1206 1208 1209 1208 1209 1209 1208 1207 1208 1207 1208 1210 1211 1210 1212 1212 1212 1211 1214 1212 1212 1213 1215 1216 1217 1218 1219 1221 1220 1218 1220 1223 1223 1222 1221 1224 1225 1223 1224 1224 1224 1226 1227 1226 1228 1228 1229 1231 1232 1232 1231 1230 1229 1229 1230 1234 1235 1236 1236 1236 1236 1237 1237 1236 1239 1241 1241 1239 1241 1240 1243 1244
1210 1208 1204 1204 1201 1203 1203 1200 1201 1201 1201 1202 1205 1208 1207 1208 1208 1210 1211 1210 1208 1207 1207 1208 1210 1212 1214 1214 1213 1213 1214 1214 1215 1216 1216 1216 1218 1218 1219 1221 1220 1218 1221 1222 1222 1223 1222 1222 1224 1224 1223 1224 1226 1224 1226 1227 1228 1227 1229 1231 1232 1231 1231 1231 1230 1231 1232 1235 1236 1237 1235 1236 1237 1239 1239 1239 1239 1242 1244 1241 1242 1243 1245 1245
1210 1210 1206 1204 1202 1201 1200 1201 1208 1207 1211 1207 1206 1206 1205 1206 1209 1210 1211 1210 1210 1209 1210 1210 1212 1213 1215 1214 1214 1213 1215 1215 1215 1216 1216 1215 1219 1218 1218 1220 1219 1218 1218 1220 1220 1221 1222 1222 1223 1222 1223 1224 1225 1226 1228 1226 1228 1229 1230 1231 1232 1231 1231 1232 1231 1231 1232 1236 1237 1237 1238 1239 1240 1241 1241 1241 1245 1243 1243 1243 1243 1245 1245 1245
1209 1206 1205 1205 1205 1204 1205 1208 1210 1210 1211 1209 1209 1209 1208 1207 1208 1208 1210 1209 1209 1210 1215 1215 1213 1212 1212 1215 1216 1213 1214 1215 1215 1218 1216 1216 1217 1218 1218 1219 1220 1219 1220 1221 1222 1223 1224 1222 1221 1223 1223 1224 1225 1226 1227 1227 1229 1230 1228 1229 1229 1231 1231 1233 1233 1232 1233 1237 1238 1240 1241 1242 1241 1241 1241 1241 1246 1244 1243 1243 1244 1245 1246 1246
1208 1208 1207 1206 1206 1205 1209 1211 1211 1211 1212 1214 1213 1212 1211 1212 1209 1208 1209 1211 1211 1213 1217 1217 1217 1214 1214 1215 1216 1215 1214 1215 1216 1216 1216 1216 1217 1219 1219 1219 1220 1220 1222 1223 1224 1223 1223 1224 1224 1224 1224 1227 1225 1226 1227 1228 1229 1230 1230 1232 1232 1231 1231 1232 1233 1234 1236 1240 1240 1242 1241 1241 1243 1242 1240 1241 1242 1245 1246 1247 1247 1247 1247 1249
1210 1209 1210 1208 1206 1210 1211 1210 1209 1211 1209 1212 1213 1211 1212 1213 1212 1212 1213 1214 1216 1218 1218 1218 1217 1215 1214 1215 1216 1217 1217 1218 1216 1218 1217 1216 1217 1218 1220 1220 1223 1223 1223 1223 1223 1225 1226 1226 1224 1225 1226 1225 1226 1227 1229 1230 1231 1230 1231 1232 1233 1233 1234 1233 1233 1234 1237 1240 1241 1243 1243 1243 1243 1245 1246 1243 1244 1245 1246 1247 1248 1247 1248 1249
1207 1208 1211 1210 1209 1210 1211 1212 1211 1211 1209 1209 1210 1209 1211 1214 1214 1215 1215 1214 1216 1216 1215 1219 1220 1219 1220 1220 1220 1220 1217 1218 1217 1218 1219 1218 1218 1219 1220 1221 1222 1223 1223 1223 1225 1226 1226 1228 1227 1229 1226 1226 1229 1229 1229 1230 1232 1232 1232 1233 1234 1234 1234 1234 1234 1236 1239 1240 1242 1243 1242 1243 1245 1245 1246 1245 1245 1245 1246 1247 1251 1252 1251 1251
1207 1206 1208 1210 1209 1209 1211 1212 1212 1212 1213 1215 1212 1213 1211 1212 1215 1216 1216 1217 1215 1215 1215 1220 1219 1219 1220 1220 1219 1217 1217 1219 1219 1218 1218 1219 1219 1221 1221 1222 1223 1223 1224 1224 1225 1225 1226 1229 1229 1229 1228 1229 1234 1233 1235 1236 1236 1232 1232 1234 1234 1236 1234 1235 1235 1237 1237 1240 1242 1242 1243 1245 1244 1244 1247 1246 1247 1248 1248 1249 1250 1251 1252 1252
1209 1208 1208 1208 1209 1212 1212 1213 1213 1215 1214 1215 1217 1215 1213 1213 1213 1215 1216 1216 1218 1217 1217 1217 1217 1215 1217 1216 1218 1220 1223 1225 1222 1221 1225 1227 1221 1224 1224 1224 1225 1225 1226 1227 1227 1229 1231 1230 1231 1232 1232 1233 1236 1238 1241 1243 1243 1239 1235 1236 1234 1236 1237 1236 1237 1238 1238 1240 1239 1244 1243 1244 1244 1247 1249 1248 1247 1248 1248 1249 1250 1251 1255 1256
1211 1210 1208 1209 1211 1211 1212 1214 1214 1215 1214 1215 1214 1214 1216 1215 1215 1214 1213 1212 1213 1216 1216 1215 1215 1216 1221 1222 1223 1223 1223 1226 1226 1226 1229 1228 1231 1232 1232 1227 1226 1227 1228 1228 1230 1233 1235 1233 1233 1234 1234 1236 1237 1240 1242 1243 1244 1244 1241 1239 1238 1240 1239 1237 1238 1238 1239 1239 1242 1240 1241 1241 1243 1247 1250 1250 1249 1248 1249 1251 1252 1252 1255 1256
1211 1211 1209 1210 1212 1213 1214 1213 1214 1214 1215 1215 1214 1214 1214 1213 1212 1214 1218 1219 1220 1220 1223 1222 1216 1220 1222 1223 1225 1226 1224 1228 1228 1228 1231 1231 1231 1232 1232 1229 1230 1232 1232 1231 1231 1233 1236 1234 1234 1236 1236 1236 1238 1241 1242 1240 1247 1246 1246 1245 1242 1242 1241 1241 1241 1240 1241 1241 1243 1242 1243 1245 1245 1245 1249 1251 1252 1251 1251 1252 1253 1254 1254 1256
1210 1208 1208 1210 1213 1215 1214 1214 1214 1211 1213 1215 1217 1216 1217 1218 1219 1218 1219 1221 1222 1223 1223 1223 1216 1220 1227 1229 1229 1227 1229 1229 1229 1230 1231 1231 1231 1230 1232 1233 1235 1234 1233 1235 1236 1234 1235 1238 1236 1237 1236 1235 1235 1239 1241 1242 1244 1246 1247 1247 1248 1246 1244 1243 1245 1245 1246 1244 1242 1244 1244 1245 1245 1245 1248 1252 1252 1253 1255 1255 1254 1254 1255 1259
1207 1208 1208 1213 1215 1215 1216 1216 1215 1214 1212 1213 1212 1217 1218 1218 1219 1220 1222 1221 1222 1222 1223 1223 1216 1222 1227 1227 1229 1228 1231 1232 1232 1232 1233 1234 1233 1233 1233 1234 1233 1235 1236 1237 1237 1236 1237 1238 1238 1238 1240 1237 1235 1238 1242 1246 1247 1248 1246 1247 1246 1247 1246 1246 1248 1249 1250 1249 1245 1245 1245 1245 1246 1247 1249 1250 1253 1254 1254 1260 1260 1257 1256 1260
1208 1208 1211 1212 1213 1213 1215 1213 1215 1214 1214 1215 1214 1214 1218 1219 1221 1220 1221 1220 1220 1221 1221 1220 1218 1223 1223 1226 1231 1230 1231 1232 1232 1232 1234 1234 1233 1234 1238 1238 1236 1236 1236 1240 1241 1240 1237 1237 1237 1238 1237 1237 1236 1237 1242 1243 1243 1248 1247 1249 1250 1247 1248 1247 1248 1253 1251 1249 1251 1247 1246 1247 1249 1250 1250 1251 1252 1253 1255 1258 1259 1260 1258 1257
1213 1212 1213 1213 1213 1214 1213 1213 1215 1214 1215 1214 1215 1216 1216 1219 1219 1219 1218 1218 1219 1220 1219 1220 1223 1226 1229 1227 1229 1231 1231 1231 1233 1234 1234 1232 1234 1237 1237 1236 1236 1237 1236 1240 1237 1241 1241 1241 1241 1241 1240 1239 1237 1238 1244 1244 1245 1244 1247 1250 1250 1249 1252 1253 1254 1255 1255 1254 1255 1254 1249 1249 1250 1252 1251 1251 1251 1255 1255 1256 1256 1258 1260 1257
1213 1212 1213 1215 1215 1215 1213 1212 1214 1216 1216 1217 1216 1218 1217 1217 1218 1219 1220 1222 1222 1221 1222 1225 1227 1228 1230 1230 1228 1230 1232 1232 1234 1234 1233 1233 1235 1235 1235 1233 1234 1233 1234 1235 1237 1239 1240 1241 1240 1240 1240 1240 1241 1241 1242 1244 1245 1247 1249 1250 1250 1251 1253 1255 1255 1255 1256 1256 1256 1257 1256 1252 1252 1252 1254 1253 1254 1255 1255 1254 1255 1256 1256 1260
1211 1211 1212 1215 1216 1216 1217 1216 1214 1216 1216 1218 1219 1218 1218 1218 1221 1222 1224 1223 1224 1223 1225 1226 1227 1228 1231 1231 1233 1234 1234 1233 1232 1233 1235 1233 1234 1236 1235 1237 1238 1237 1237 1235 1236 1237 1239 1240 1239 1239 1241 1241 1241 1245 1244 1245 1245 1250 1248 1251 1252 1253 1254 1255 1257 1258 1259 1260 1258 1262 1261 1259 1256 1255 1256 1255 1255 1256 1254 1255 1255 1255 1257 1259
1213 1213 1213 1215 1216 1217 1217 1216 1217 1218 1218 1220 1220 1219 1220 1221 1221 1221 1225 1225 1225 1224 1226 1226 1227 1227 1230 1231 1232 1233 1233 1233 1234 1234 1235 1235 1236 1238 1238 1238 1238 1238 1243 1241 1239 1240 1240 1239 1241 1241 1242 1242 1243 1244 1244 1245 1247 1249 1250 1251 1254 1254 1255 1256 1257 1258 1260 1262 1262 1261 1262 1260 1259 1257 1257 1257 1256 1256 1256 1257 1257 1257 1259 1261
1214 1213 1213 1214 1217 1217 1217 1216 1220 1219 1221 1221 1222 1221 1221 1222 1221 1222 1226 1225 1225 1226 1228 1227 1227 1228 1230 1231 1233 1233 1235 1235 1234 1234 1235 1235 1238 1238 1239 1240 1239 1243 1243 1243 1245 1245 1244 1243 1244 1244 1244 1245 1244 1244 1245 1247 1248 1249 1252 1252 1254 1255 1258 1258 1258 1261 1259 1259 1262 1261 1262 1263 1264 1260 1261 1260 1259 1257 1257 1257 1258 1259 1260 1261
