R4Research-BCEENET2021/data/bio/bio_12.asc
NCOLS 1249 
NROWS 465 
XLLCORNER -86.9583333333333 
YLLCORNER 33.5416666666667 
CELLSIZE 0.00833333333333333 
NODATA_value -3.4e+38 
[rows 296 to 332 of 465, columns 924 to 1007 of 1249]
1197 1198 1198 1198 1198 1199 1198 1196 1196 1197 1199 1199 1199 1199 1200 1197 1196 1193 1195 1196 1196 1195 1194 1192 1191 1192 1192 1191 1195 1197 1197 1196 1195 1195 1195 1197 1196 1194 1194 1194 1193 1191 1191 1189 1187 1186 1187 1187 1188 1189 1189 1188 1188 1190 1190 1191 1190 1190 1194 1196 1196 1198 1199 1201 1201 1202 1200 1200 1201 1204 1204 1204 1205 1205 1206 1205 1205 1208 1208 1207 1208 1211 1215 1216
1198 1198 1198 1198 1198 1198 1198 1198 1197 1198 1198 1199 1199 1199 1199 1198 1198 1198 1197 1196 1196 1196 1196 1197 1196 1194 1195 1195 1196 1197 1197 1196 1196 1195 1197 1197 1197 1196 1195 1194 1193 1193 1193 1193 1193 1193 1194 1193 1193 1191 1189 1188 1190 1190 1191 1191 1191 1192 1193 1195 1195 1198 1200 1199 1200 1200 1201 1200 1202 1204 1204 1205 1206 1205 1205 1205 1207 1208 1208 1211 1208 1208 1210 1217
1199 1199 1198 1198 1199 1198 1198 1198 1198 1199 1199 1198 1198 1199 1199 1198 1196 1198 1198 1197 1197 1197 1197 1198 1196 1196 1197 1197 1197 1196 1196 1195 1195 1195 1197 1197 1197 1197 1197 1197 1195 1194 1195 1195 1194 1194 1193 1192 1193 1192 1190 1190 1190 1191 1192 1192 1192 1194 1193 1194 1195 1198 1201 1200 1199 1200 1201 1202 1204 1204 1204 1206 1205 1206 1205 1206 1208 1208 1210 1210 1212 1210 1209 1214
1198 1199 1199 1198 1198 1198 1198 1198 1200 1200 1200 1199 1199 1198 1197 1198 1199 1199 1199 1198 1197 1197 1198 1198 1197 1197 1198 1199 1199 1198 1196 1196 1196 1197 1198 1198 1197 1197 1197 1197 1196 1197 1197 1197 1194 1193 1192 1192 1192 1194 1190 1190 1190 1190 1191 1193 1194 1193 1193 1194 1198 1198 1199 1201 1202 1200 1201 1203 1204 1204 1206 1206 1206 1205 1205 1207 1207 1209 1210 1210 1213 1213 1211 1211
1200 1199 1199 1199 1199 1199 1199 1199 1200 1200 1200 1199 1198 1197 1197 1199 1201 1199 1199 1198 1198 1198 1198 1197 1197 1198 1198 1198 1198 1198 1198 1197 1196 1198 1198 1197 1197 1197 1197 1197 1196 1197 1198 1198 1197 1197 1197 1194 1195 1196 1191 1191 1191 1190 1192 1194 1194 1193 1193 1195 1196 1199 1200 1199 1201 1201 1201 1203 1204 1205 1206 1205 1205 1206 1208 1209 1208 1209 1209 1212 1212 1214 1212 1212
1202 1200 1200 1199 1199 1199 1199 1200 1200 1200 1198 1199 1199 1198 1197 1198 1201 1200 1200 1200 1198 1199 1198 1197 1198 1197 1198 1198 1198 1198 1198 1198 1199 1200 1198 1198 1197 1197 1197 1198 1198 1198 1198 1198 1198 1198 1197 1196 1197 1198 1196 1192 1191 1190 1193 1193 1194 1194 1194 1195 1197 1198 1197 1199 1199 1199 1202 1203 1204 1205 1205 1205 1204 1206 1209 1209 1209 1209 1210 1212 1212 1213 1212 1214
1201 1202 1201 1201 1199 1198 1200 1200 1200 1199 1199 1199 1198 1199 1198 1200 1200 1200 1200 1200 1201 1200 1198 1196 1197 1197 1198 1198 1198 1198 1198 1197 1199 1199 1199 1200 1199 1199 1198 1198 1198 1198 1198 1198 1198 1199 1199 1197 1198 1200 1197 1192 1191 1193 1193 1193 1196 1195 1195 1195 1198 1197 1199 1200 1199 1200 1202 1203 1205 1203 1204 1204 1204 1208 1209 1210 1209 1209 1211 1210 1212 1212 1213 1215
1201 1202 1202 1201 1201 1201 1199 1198 1200 1199 1200 1200 1200 1199 1197 1199 1200 1199 1200 1201 1201 1201 1199 1199 1199 1200 1199 1199 1199 1199 1199 1198 1200 1200 1199 1199 1200 1199 1199 1199 1199 1198 1199 1200 1199 1199 1199 1199 1199 1201 1200 1195 1193 1192 1193 1195 1195 1195 1195 1198 1197 1199 1199 1198 1199 1201 1202 1204 1203 1203 1203 1205 1208 1208 1210 1209 1209 1211 1210 1211 1211 1211 1213 1214
1201 1202 1202 1201 1201 1202 1202 1199 1199 1199 1201 1201 1200 1200 1201 1201 1199 1200 1199 1201 1201 1199 1199 1200 1201 1200 1199 1199 1199 1199 1199 1200 1200 1200 1200 1199 1200 1200 1200 1200 1198 1199 1199 1199 1199 1199 1197 1199 1198 1200 1198 1195 1194 1193 1196 1195 1195 1195 1197 1198 1198 1199 1198 1199 1199 1200 1202 1201 1203 1204 1203 1203 1208 1208 1209 1208 1209 1210 1210 1211 1211 1212 1214 1216
1201 1201 1202 1201 1202 1202 1203 1202 1199 1200 1200 1199 1200 1201 1202 1202 1202 1199 1200 1200 1200 1199 1199 1201 1201 1201 1201 1201 1201 1199 1200 1201 1199 1199 1199 1199 1199 1200 1201 1198 1200 1200 1200 1198 1198 1199 1198 1197 1198 1198 1198 1195 1195 1196 1196 1195 1195 1196 1197 1197 1198 1197 1198 1199 1199 1201 1203 1201 1202 1204 1203 1206 1206 1208 1207 1209 1209 1209 1211 1211 1211 1214 1215 1216
1202 1201 1201 1200 1201 1200 1201 1201 1202 1201 1200 1200 1200 1201 1202 1202 1202 1202 1201 1200 1199 1200 1201 1201 1201 1201 1201 1201 1201 1202 1203 1202 1199 1199 1198 1200 1200 1200 1201 1200 1199 1200 1200 1200 1200 1200 1199 1197 1197 1198 1199 1195 1195 1196 1195 1195 1196 1197 1197 1198 1197 1197 1198 1199 1201 1202 1202 1204 1203 1205 1207 1206 1206 1207 1207 1207 1208 1210 1210 1211 1214 1215 1216 1215
1203 1202 1201 1200 1200 1200 1201 1201 1202 1203 1203 1200 1200 1201 1202 1202 1202 1203 1202 1201 1199 1200 1201 1202 1202 1202 1202 1202 1203 1203 1204 1204 1203 1201 1201 1198 1199 1199 1202 1201 1198 1199 1201 1201 1201 1201 1200 1198 1198 1198 1198 1196 1194 1196 1195 1197 1197 1198 1198 1198 1197 1196 1198 1202 1203 1203 1202 1202 1204 1206 1205 1205 1207 1204 1206 1207 1208 1209 1211 1213 1213 1216 1215 1215
1203 1202 1200 1201 1199 1201 1201 1201 1202 1203 1203 1202 1202 1202 1202 1201 1201 1202 1202 1202 1200 1199 1201 1201 1202 1202 1202 1203 1203 1204 1204 1204 1203 1202 1200 1200 1199 1199 1200 1200 1200 1200 1201 1201 1201 1201 1201 1202 1201 1201 1201 1199 1194 1197 1197 1197 1197 1198 1198 1198 1197 1198 1200 1203 1203 1202 1203 1203 1204 1206 1205 1206 1205 1204 1206 1207 1209 1210 1210 1213 1214 1214 1214 1216
1202 1202 1201 1200 1201 1201 1201 1202 1202 1203 1202 1203 1204 1203 1201 1201 1202 1202 1202 1201 1202 1202 1201 1202 1201 1202 1202 1203 1204 1204 1204 1204 1203 1202 1201 1201 1200 1199 1201 1201 1200 1200 1200 1201 1201 1201 1202 1202 1201 1201 1201 1200 1195 1196 1197 1197 1200 1199 1199 1200 1198 1198 1201 1202 1202 1203 1202 1202 1203 1205 1205 1206 1204 1206 1206 1207 1210 1209 1212 1213 1213 1213 1213 1216
1202 1201 1201 1201 1202 1204 1203 1202 1202 1203 1202 1204 1204 1202 1200 1200 1203 1203 1203 1202 1203 1203 1202 1202 1201 1201 1203 1203 1204 1204 1204 1204 1202 1204 1202 1202 1202 1202 1201 1201 1200 1200 1200 1200 1202 1203 1202 1202 1202 1201 1202 1200 1196 1196 1197 1197 1199 1200 1200 1200 1200 1200 1201 1202 1201 1202 1201 1201 1203 1204 1205 1204 1205 1206 1208 1209 1209 1209 1212 1212 1213 1213 1214 1216
1201 1200 1201 1202 1202 1202 1202 1204 1202 1202 1202 1204 1203 1202 1201 1200 1203 1204 1203 1204 1205 1205 1202 1202 1202 1202 1202 1201 1202 1202 1204 1205 1204 1204 1203 1203 1202 1202 1202 1201 1201 1201 1200 1201 1203 1204 1203 1203 1203 1203 1202 1202 1197 1195 1197 1197 1198 1200 1201 1200 1200 1197 1200 1201 1203 1202 1201 1202 1203 1206 1205 1204 1206 1207 1208 1209 1209 1210 1210 1213 1213 1211 1215 1213
1201 1200 1201 1202 1202 1202 1203 1202 1205 1203 1204 1203 1201 1202 1203 1200 1201 1202 1203 1205 1205 1205 1205 1204 1205 1205 1205 1204 1204 1204 1204 1204 1204 1204 1204 1204 1205 1204 1203 1202 1202 1203 1203 1202 1203 1205 1204 1205 1204 1203 1202 1201 1198 1195 1196 1198 1199 1200 1200 1200 1201 1200 1199 1202 1203 1202 1203 1203 1203 1207 1207 1207 1207 1208 1209 1209 1208 1209 1209 1211 1211 1212 1213 1215
1201 1201 1201 1201 1202 1203 1203 1203 1206 1205 1205 1203 1203 1201 1201 1201 1201 1201 1202 1205 1205 1205 1205 1206 1206 1205 1204 1205 1205 1205 1204 1204 1204 1205 1205 1204 1205 1204 1205 1205 1203 1203 1203 1203 1203 1203 1205 1205 1205 1204 1204 1203 1202 1197 1196 1197 1200 1200 1200 1201 1202 1201 1201 1201 1201 1204 1203 1204 1204 1205 1205 1207 1207 1209 1209 1210 1209 1209 1210 1211 1211 1213 1213 1215
1200 1201 1202 1201 1201 1203 1202 1203 1203 1204 1203 1202 1203 1204 1200 1201 1200 1201 1200 1205 1205 1205 1205 1206 1206 1205 1205 1206 1204 1204 1206 1206 1205 1204 1203 1203 1204 1205 1205 1205 1204 1204 1203 1203 1203 1204 1204 1205 1205 1207 1205 1204 1205 1198 1196 1197 1199 1199 1201 1202 1202 1202 1200 1201 1201 1202 1204 1206 1205 1204 1205 1206 1205 1207 1207 1209 1209 1209 1210 1210 1211 1212 1215 1217
1200 1202 1202 1201 1201 1202 1203 1201 1203 1199 1203 1204 1203 1203 1204 1204 1204 1201 1201 1203 1204 1205 1206 1205 1205 1206 1205 1206 1204 1205 1205 1206 1206 1205 1204 1205 1205 1205 1205 1205 1204 1204 1203 1204 1205 1204 1205 1205 1206 1206 1205 1204 1205 1206 1196 1197 1200 1199 1201 1203 1202 1204 1203 1200 1203 1203 1203 1205 1204 1204 1205 1205 1207 1206 1207 1208 1209 1211 1211 1210 1212 1212 1214 1214
1201 1202 1202 1202 1201 1202 1204 1200 1200 1200 1201 1204 1204 1202 1203 1204 1204 1205 1205 1203 1203 1204 1207 1205 1207 1207 1207 1207 1207 1207 1208 1208 1209 1207 1208 1207 1207 1206 1206 1206 1205 1205 1206 1205 1206 1205 1205 1206 1206 1206 1204 1205 1206 1206 1199 1198 1199 1199 1199 1202 1202 1202 1201 1201 1203 1202 1201 1203 1204 1205 1205 1205 1206 1206 1208 1208 1208 1210 1212 1210 1212 1212 1214 1214
1203 1203 1203 1202 1202 1204 1202 1200 1201 1201 1204 1204 1204 1204 1204 1204 1205 1206 1205 1202 1204 1205 1205 1205 1208 1208 1209 1209 1208 1208 1208 1208 1208 1210 1208 1208 1207 1207 1207 1208 1208 1207 1208 1207 1206 1205 1206 1206 1206 1205 1204 1205 1206 1207 1201 1199 1199 1200 1200 1199 1203 1203 1202 1203 1203 1202 1202 1203 1203 1205 1206 1206 1206 1206 1207 1208 1210 1210 1210 1211 1211 1213 1214 1215
1202 1203 1203 1203 1202 1204 1200 1201 1202 1203 1203 1203 1204 1204 1204 1204 1205 1206 1205 1204 1204 1206 1205 1204 1209 1208 1209 1209 1209 1208 1208 1208 1209 1208 1207 1208 1207 1208 1208 1208 1208 1207 1208 1208 1208 1206 1206 1206 1206 1207 1206 1206 1206 1207 1206 1198 1201 1200 1200 1201 1203 1202 1203 1203 1202 1203 1203 1203 1204 1204 1206 1208 1206 1207 1207 1207 1209 1210 1212 1211 1210 1213 1214 1215
1202 1203 1203 1203 1202 1200 1201 1202 1202 1203 1204 1204 1202 1203 1204 1204 1205 1206 1206 1204 1203 1206 1207 1208 1209 1210 1209 1209 1209 1208 1208 1208 1209 1209 1208 1210 1208 1208 1208 1208 1209 1207 1208 1209 1210 1208 1208 1206 1208 1208 1209 1207 1207 1206 1207 1203 1199 1202 1203 1201 1201 1200 1203 1203 1202 1202 1203 1203 1204 1205 1205 1206 1206 1207 1207 1208 1210 1210 1211 1210 1211 1212 1214 1215
1202 1203 1203 1203 1200 1200 1201 1202 1202 1203 1204 1203 1205 1205 1203 1204 1205 1205 1205 1204 1203 1205 1207 1208 1209 1210 1210 1210 1210 1208 1208 1207 1209 1208 1210 1211 1208 1209 1209 1209 1209 1207 1209 1210 1210 1208 1208 1207 1209 1208 1208 1207 1208 1207 1207 1208 1201 1201 1202 1200 1200 1201 1203 1203 1203 1201 1203 1205 1205 1204 1204 1205 1207 1208 1207 1210 1211 1210 1210 1210 1212 1212 1213 1214
1202 1203 1203 1201 1201 1201 1202 1202 1202 1204 1203 1204 1205 1206 1205 1204 1205 1205 1206 1206 1205 1205 1207 1209 1210 1210 1210 1210 1210 1210 1208 1211 1210 1212 1211 1211 1210 1208 1209 1209 1210 1210 1209 1209 1207 1207 1207 1207 1206 1208 1208 1208 1208 1207 1208 1208 1205 1204 1202 1199 1200 1201 1201 1203 1201 1202 1204 1205 1204 1204 1204 1204 1205 1205 1206 1211 1209 1210 1210 1209 1212 1212 1213 1214
1202 1203 1201 1201 1202 1201 1202 1202 1203 1204 1203 1203 1204 1205 1205 1205 1205 1205 1206 1206 1206 1205 1207 1210 1208 1208 1210 1209 1212 1212 1212 1210 1211 1210 1210 1210 1211 1209 1207 1208 1210 1209 1209 1209 1209 1207 1208 1209 1206 1206 1209 1209 1209 1208 1207 1209 1209 1208 1210 1207 1201 1202 1202 1201 1201 1201 1204 1205 1205 1205 1206 1207 1206 1205 1205 1207 1207 1209 1208 1212 1212 1214 1213 1215
1201 1200 1201 1202 1202 1203 1203 1202 1203 1203 1203 1204 1205 1205 1205 1205 1207 1205 1205 1206 1205 1204 1207 1207 1208 1208 1208 1209 1211 1213 1214 1211 1211 1211 1211 1211 1210 1209 1208 1208 1208 1209 1209 1210 1210 1210 1211 1210 1207 1207 1209 1210 1209 1208 1208 1208 1208 1208 1210 1210 1209 1203 1200 1201 1202 1201 1204 1204 1202 1204 1202 1205 1207 1207 1205 1206 1208 1208 1208 1211 1212 1213 1213 1216
1199 1200 1201 1202 1202 1203 1203 1203 1203 1203 1204 1203 1205 1205 1206 1207 1207 1206 1204 1206 1206 1205 1208 1208 1208 1209 1208 1211 1211 1213 1213 1213 1211 1211 1211 1211 1212 1211 1213 1212 1211 1209 1211 1211 1212 1211 1212 1212 1209 1209 1209 1208 1208 1209 1208 1208 1208 1209 1211 1211 1212 1210 1205 1203 1202 1204 1204 1201 1202 1202 1203 1205 1206 1206 1206 1207 1208 1208 1208 1210 1212 1213 1215 1216
1199 1200 1202 1202 1202 1203 1203 1203 1202 1204 1203 1203 1205 1206 1206 1207 1207 1206 1203 1205 1206 1205 1207 1209 1209 1209 1209 1209 1211 1213 1213 1215 1213 1213 1212 1212 1212 1212 1213 1212 1210 1210 1211 1212 1212 1212 1213 1212 1212 1211 1209 1207 1207 1209 1209 1207 1211 1211 1211 1211 1212 1211 1213 1214 1213 1204 1202 1201 1203 1203 1204 1205 1203 1206 1207 1206 1209 1209 1211 1207 1209 1211 1215 1216
1199 1200 1201 1202 1202 1203 1203 1203 1201 1203 1203 1203 1205 1206 1206 1207 1207 1206 1208 1207 1206 1206 1209 1209 1208 1210 1210 1209 1213 1211 1211 1214 1214 1213 1212 1212 1213 1212 1213 1213 1213 1212 1212 1212 1212 1212 1214 1215 1213 1211 1211 1209 1210 1210 1210 1210 1211 1211 1211 1211 1212 1214 1214 1215 1215 1213 1211 1203 1203 1203 1205 1203 1204 1203 1204 1207 1208 1210 1211 1209 1209 1210 1213 1214
1199 1200 1200 1202 1203 1202 1203 1202 1203 1203 1204 1203 1205 1207 1207 1208 1207 1207 1208 1208 1209 1209 1209 1209 1210 1210 1209 1208 1210 1211 1212 1213 1214 1213 1213 1213 1213 1213 1213 1214 1215 1214 1214 1213 1213 1214 1214 1214 1212 1211 1211 1211 1210 1210 1210 1212 1211 1211 1212 1213 1215 1216 1215 1215 1212 1213 1213 1213 1205 1205 1205 1203 1203 1203 1204 1205 1206 1208 1205 1207 1209 1208 1212 1211
1199 1199 1199 1200 1202 1203 1203 1204 1202 1204 1204 1205 1206 1207 1207 1209 1207 1207 1208 1208 1208 1208 1208 1210 1212 1212 1210 1211 1211 1212 1212 1213 1213 1212 1214 1215 1214 1214 1214 1214 1215 1215 1214 1214 1214 1214 1214 1214 1212 1212 1213 1211 1210 1210 1211 1211 1210 1211 1213 1212 1214 1215 1213 1214 1213 1214 1213 1214 1213 1207 1204 1203 1203 1203 1205 1205 1204 1206 1206 1208 1209 1208 1211 1210
1197 1199 1199 1199 1200 1203 1202 1204 1203 1204 1205 1206 1207 1207 1208 1208 1208 1207 1210 1209 1209 1209 1209 1210 1214 1213 1211 1212 1212 1212 1212 1212 1213 1212 1216 1216 1216 1214 1215 1216 1216 1216 1215 1216 1217 1215 1216 1217 1216 1216 1216 1211 1210 1210 1212 1212 1213 1213 1213 1213 1215 1216 1215 1215 1213 1212 1212 1213 1213 1212 1206 1202 1203 1204 1205 1203 1205 1206 1207 1209 1208 1211 1210 1210
1196 1198 1199 1199 1201 1200 1201 1203 1203 1203 1206 1206 1206 1208 1208 1208 1208 1210 1208 1208 1209 1210 1209 1212 1215 1214 1215 1212 1212 1212 1212 1212 1214 1214 1215 1218 1218 1218 1217 1216 1216 1217 1218 1218 1217 1216 1217 1217 1217 1216 1215 1212 1210 1213 1213 1214 1215 1215 1214 1215 1216 1215 1214 1212 1212 1211 1210 1211 1211 1209 1211 1205 1205 1203 1205 1204 1205 1207 1207 1209 1209 1210 1209 1211
1196 1197 1199 1200 1199 1200 1200 1202 1202 1203 1205 1207 1208 1208 1207 1209 1211 1210 1210 1211 1211 1211 1208 1212 1214 1214 1214 1214 1211 1211 1211 1214 1215 1215 1216 1217 1218 1219 1219 1218 1218 1216 1219 1219 1217 1217 1217 1216 1215 1216 1213 1212 1212 1214 1213 1213 1215 1215 1214 1216 1216 1214 1212 1213 1216 1216 1214 1212 1211 1210 1210 1212 1206 1207 1206 1205 1206 1207 1207 1208 1208 1209 1210 1209
1197 1198 1197 1198 1199 1200 1200 1201 1202 1203 1206 1206 1207 1207 1207 1209 1211 1211 1210 1212 1212 1213 1211 1212 1214 1216 1214 1214 1214 1215 1215 1215 1215 1217 1216 1218 1219 1220 1219 1218 1216 1216 1219 1218 1216 1216 1216 1216 1215 1215 1213 1213 1213 1213 1213 1214 1217 1216 1213 1217 1217 1217 1216 1217 1217 1217 1216 1214 1215 1217 1216 1216 1216 1216 1209 1205 1206 1207 1207 1206 1207 1208 1210 1210
