R4Research-BCEENET2021/data/bio/bio_16.asc
NCOLS 1249 
NROWS 465 
XLLCORNER -86.9583333333333 
YLLCORNER 33.5416666666667 
CELLSIZE 0.00833333333333333 
NODATA_value -3.4e+38 
[rows 287 to 327 of 465, columns 752 to 845 of 1249]
326 327 328 328 328 329 330 331 331 332 332 332 332 332 333 334 335 335 335 336 336 336 336 337 337 337 337 339 338 340 341 341 341 342 342 342 342 343 343 343 344 345 346 346 347 347 347 346 346 346 347 348 349 348 348 348 349 350 350 350 350 351 351 351 350 350 352 353 353 353 352 354 354 355 355 355 355 357 358 358 359 359 359 359 360 360 361 363 363 365 365 363 362 363
326 328 328 328 328 329 331 331 332 332 332 332 333 334 334 335 335 335 335 336 336 337 337 338 338 338 337 340 340 340 341 341 341 342 342 342 343 343 343 343 346 346 346 347 347 347 347 347 348 348 348 347 348 349 349 349 350 349 350 350 349 349 350 351 350 350 353 353 353 353 354 354 354 355 356 356 358 358 358 359 359 359 359 360 361 361 363 364 364 363 363 364 364 363
328 328 328 328 330 330 331 332 332 332 333 333 333 335 335 335 335 335 337 337 337 337 337 338 338 338 338 340 340 340 341 342 343 342 342 342 343 343 344 346 346 346 346 347 347 347 347 348 348 347 347 347 349 349 349 349 348 348 349 349 349 349 350 352 350 352 353 353 353 353 354 354 354 356 356 357 358 358 360 360 360 360 359 361 361 362 364 366 365 364 362 362 364 363
328 328 328 329 330 331 331 332 333 333 333 333 334 334 335 336 336 336 337 337 337 337 337 338 338 338 339 340 341 341 342 342 343 343 343 343 344 344 344 346 346 346 345 347 347 347 347 348 347 347 348 349 349 349 348 348 348 348 349 349 349 352 352 352 351 353 353 353 353 354 354 355 356 356 357 358 359 359 361 360 360 360 360 361 362 364 364 364 363 364 364 362 363 363
328 328 328 330 331 331 332 333 333 333 333 334 335 336 336 336 336 337 337 337 337 337 338 340 340 338 340 341 341 342 342 342 343 343 343 343 344 345 345 346 346 346 346 347 347 347 346 346 347 348 349 350 348 348 348 348 348 348 349 349 352 352 352 352 352 353 354 353 354 355 355 356 357 357 359 359 360 361 361 361 360 361 362 363 364 365 365 364 363 363 362 365 367 366
328 329 330 330 331 331 333 333 333 333 333 336 336 336 336 336 337 337 338 338 338 337 339 340 340 340 341 341 342 342 342 342 343 343 343 344 345 345 346 346 346 346 346 347 346 346 346 346 348 349 349 347 350 350 349 348 348 349 351 351 350 352 352 352 353 354 354 354 355 355 357 357 358 359 359 359 360 360 360 361 361 363 363 364 364 364 364 364 366 365 365 368 367 366
329 330 330 331 331 332 333 333 333 335 336 336 336 336 336 337 337 338 339 339 339 338 339 340 340 341 341 341 342 342 342 343 344 344 344 346 346 346 347 347 347 347 348 346 346 346 346 349 349 349 347 347 350 348 348 348 350 351 351 351 352 352 352 354 354 354 354 354 355 355 357 358 359 361 360 359 359 360 360 360 360 363 363 364 366 365 364 367 367 368 368 368 368 367
330 330 330 330 333 333 333 333 334 336 336 336 336 336 337 338 338 338 338 338 338 339 340 340 341 341 341 342 343 343 343 344 344 344 345 345 346 345 346 345 347 347 345 347 347 347 347 349 349 349 349 347 349 348 349 351 351 351 351 351 352 353 353 354 354 354 355 355 355 357 358 358 361 361 362 359 359 360 361 362 361 363 363 364 366 366 367 367 367 368 368 368 369 367
330 332 331 331 333 333 333 335 336 335 336 336 336 336 338 338 338 338 338 338 340 339 340 342 342 342 342 343 343 343 344 345 344 344 345 345 345 345 346 346 346 346 347 348 348 347 349 349 349 348 348 347 347 349 350 351 351 352 352 353 353 353 354 354 355 355 355 355 355 357 358 361 361 361 361 362 362 362 361 362 363 363 364 365 364 364 364 367 367 368 368 368 368 369
331 332 333 333 333 333 335 336 335 335 336 336 337 337 338 338 338 338 338 340 340 339 341 342 342 342 343 343 343 343 345 345 344 345 345 345 345 345 346 346 346 347 348 348 347 347 349 349 349 348 348 347 349 350 352 350 351 352 353 353 353 353 354 356 356 357 357 357 357 358 359 361 361 360 361 362 362 362 363 363 361 363 363 364 364 364 367 367 368 368 368 368 368 367
333 333 333 333 333 335 336 336 336 336 336 337 338 338 338 338 338 338 340 341 339 340 342 342 342 343 343 344 344 345 345 345 344 345 345 345 345 347 347 347 347 346 348 348 348 348 349 349 349 348 348 348 349 350 350 351 352 352 353 353 353 353 354 356 357 357 357 357 359 360 359 359 361 361 361 362 362 363 363 363 362 364 364 363 364 364 367 367 368 368 369 369 369 369
333 333 333 333 335 336 336 336 336 336 338 338 338 338 338 338 338 339 341 341 341 342 342 342 342 343 345 345 346 346 345 345 344 345 346 346 346 347 347 347 347 348 347 347 348 350 350 348 348 348 348 348 349 350 352 352 352 352 353 353 353 353 356 356 357 358 360 360 360 360 360 359 361 361 362 362 362 363 362 363 362 363 364 365 364 364 365 367 367 368 368 371 371 371
333 333 334 336 335 336 336 336 337 338 338 338 338 338 338 339 339 341 341 341 342 342 342 342 343 345 345 346 346 346 346 346 347 347 347 347 348 348 347 348 347 347 347 349 349 350 348 348 348 348 348 348 351 351 352 352 352 353 355 355 355 355 356 356 358 360 360 360 360 360 360 361 360 361 361 360 361 362 362 362 362 363 364 366 365 364 364 366 367 368 368 368 371 371
335 334 335 336 336 336 338 338 338 338 338 338 338 339 339 341 340 341 342 342 342 342 342 344 344 345 346 346 346 346 346 347 346 347 347 347 348 347 346 346 346 347 349 349 350 350 350 350 350 348 348 349 351 351 352 352 352 354 355 357 356 356 356 357 358 359 360 360 360 360 360 361 362 362 362 363 363 362 362 362 362 363 364 365 365 365 365 365 366 367 366 367 370 370
335 335 335 336 336 338 338 338 338 338 338 339 339 341 341 341 341 342 342 342 342 342 343 344 345 345 346 346 346 346 346 347 346 346 347 347 347 346 347 347 348 349 349 349 350 350 350 350 349 349 348 350 351 351 352 352 353 355 355 355 356 356 356 358 360 361 361 361 361 361 362 362 362 362 363 363 363 363 364 364 364 364 364 364 365 365 365 365 365 366 366 366 368 368
335 335 335 336 337 338 338 338 338 338 339 340 340 341 341 341 342 342 342 342 342 344 344 344 345 346 345 345 345 346 347 347 346 346 346 347 347 347 347 348 349 349 349 349 350 350 349 349 349 349 349 351 351 351 352 353 353 355 355 354 356 357 357 359 359 361 361 361 361 362 362 362 362 364 363 363 363 363 363 364 364 364 364 364 364 365 365 366 367 367 368 369 368 368
335 335 336 337 337 338 338 338 339 341 339 340 341 341 342 342 342 342 343 344 344 344 344 344 346 346 346 345 345 345 347 347 347 346 346 347 347 348 348 349 349 349 349 350 350 348 349 349 350 350 349 351 351 351 353 353 353 355 354 355 355 357 359 360 359 360 360 361 361 361 362 362 362 362 363 363 363 363 363 363 363 364 364 364 364 366 366 368 368 368 370 370 371 369
335 335 336 337 338 338 338 339 339 340 341 341 342 342 342 342 343 344 344 345 344 344 344 344 345 345 345 345 345 346 346 346 347 346 346 347 347 348 348 349 349 349 350 351 351 350 349 350 351 350 351 351 352 353 353 353 353 353 354 355 357 357 358 360 360 360 360 361 361 361 361 362 362 362 362 363 363 363 363 363 364 366 365 367 367 367 367 368 368 370 370 370 370 369
335 337 338 338 338 338 339 339 339 340 342 342 342 342 342 342 343 344 344 344 344 344 345 345 345 345 345 345 346 346 346 346 346 346 347 347 348 348 349 349 350 350 351 351 350 348 349 350 350 351 351 352 353 353 353 353 353 353 354 355 357 358 358 360 360 360 360 361 361 361 361 361 362 362 362 362 362 362 363 363 366 366 366 367 367 367 367 367 367 368 368 368 370 370
337 338 338 338 339 339 339 339 340 342 342 342 342 342 342 342 344 344 344 344 344 344 345 345 345 345 345 346 346 347 346 346 346 347 348 348 349 350 350 350 350 350 351 348 348 349 350 351 352 352 352 352 353 353 353 353 353 353 354 356 357 357 359 360 360 360 360 361 361 361 361 361 361 362 362 362 362 363 365 365 366 366 366 367 367 367 367 367 367 367 366 368 368 369
337 338 338 339 339 339 339 340 342 342 341 341 342 342 342 343 344 344 344 344 345 345 345 345 345 345 345 346 346 346 346 346 346 347 349 349 350 350 350 350 350 350 348 348 348 351 351 352 352 352 352 352 352 353 353 353 353 353 354 356 357 357 357 360 360 360 360 360 361 361 361 361 362 362 363 362 363 365 365 366 366 366 366 366 367 367 367 367 367 367 369 371 368 368
336 338 339 339 339 339 340 341 342 341 341 341 342 343 343 343 343 344 344 344 345 345 345 345 345 345 346 346 346 346 346 346 347 349 349 350 350 350 350 350 348 348 348 348 349 351 351 352 352 352 352 352 352 353 353 353 353 353 354 356 356 357 357 359 360 360 360 360 361 361 362 363 364 364 364 363 364 365 365 365 366 366 366 366 366 367 367 367 367 368 369 368 368 368
336 339 339 339 339 339 341 341 342 342 341 341 343 342 342 344 343 344 344 345 345 345 345 345 345 346 346 346 346 346 346 348 349 349 349 350 350 350 350 349 348 348 348 351 351 351 351 351 352 352 352 352 353 353 353 353 354 354 355 356 356 357 357 358 360 360 360 360 360 361 362 364 364 364 364 364 365 365 365 365 365 366 366 366 366 366 367 369 369 369 370 370 368 368
339 339 339 339 340 341 341 342 342 342 342 342 342 342 342 343 342 342 344 345 345 345 345 345 346 346 347 347 347 347 348 349 349 349 350 350 350 350 350 348 348 348 351 352 352 351 351 351 352 352 352 353 352 353 353 355 356 356 356 356 356 356 357 358 360 360 360 360 360 361 362 363 364 364 364 364 365 365 365 366 365 366 367 367 367 369 369 367 367 367 370 370 370 367
339 339 340 341 341 341 341 342 343 342 342 342 342 342 342 342 343 342 345 345 345 345 345 346 346 347 348 347 347 348 349 349 349 349 350 350 350 350 349 348 349 350 351 352 351 351 351 351 352 352 353 355 354 354 355 356 356 356 356 356 356 356 356 358 358 360 360 360 360 360 362 363 362 364 364 364 364 366 366 366 366 367 367 368 368 368 367 367 368 367 367 369 369 367
340 340 341 341 341 341 343 343 342 342 342 342 342 342 342 342 343 343 344 345 345 345 345 346 346 347 347 348 348 349 349 349 349 350 350 350 350 349 348 349 350 351 352 351 351 351 351 351 352 352 353 354 355 356 355 355 355 356 356 356 356 356 356 358 358 358 360 360 360 361 362 363 363 362 364 365 365 364 366 366 366 366 366 368 368 368 369 369 369 369 369 367 367 370
341 341 341 341 341 343 342 342 342 342 342 342 342 342 343 343 343 343 344 345 346 345 346 346 346 347 348 348 348 348 348 348 349 350 350 350 349 349 349 349 351 352 352 351 351 352 353 353 353 353 353 354 355 356 355 354 355 354 356 357 356 356 356 358 358 358 358 360 360 361 362 363 363 363 364 365 365 365 365 366 366 366 366 366 368 368 368 369 369 368 367 369 369 370
340 341 341 342 342 342 343 342 342 342 342 342 343 344 344 343 343 343 344 344 346 345 346 346 347 347 348 348 348 348 348 348 348 350 350 350 350 350 350 352 352 352 352 351 351 352 353 353 354 354 353 353 354 355 355 354 355 357 357 357 357 357 357 357 358 358 358 359 360 361 362 363 363 362 365 365 365 365 366 366 367 367 367 367 367 368 368 368 368 367 367 368 369 372
340 340 342 342 342 342 343 343 342 344 344 344 344 344 343 343 343 343 344 344 344 345 346 346 346 346 347 348 347 347 348 348 348 350 351 351 352 352 352 353 353 352 352 352 353 353 353 353 353 353 354 353 354 354 354 356 357 357 357 357 357 357 357 358 358 358 358 358 360 361 361 362 363 362 363 364 365 365 365 365 367 367 367 367 369 367 368 369 369 368 367 369 371 372
341 342 342 342 342 342 344 345 345 345 344 344 344 344 344 344 344 344 343 343 345 346 346 346 346 346 347 347 346 347 348 349 350 351 352 353 353 353 353 353 352 352 353 354 354 354 354 353 353 354 356 355 355 356 356 357 357 357 357 358 359 357 359 359 359 360 360 360 360 361 361 361 363 362 363 364 365 365 365 365 365 367 367 367 368 367 367 369 369 368 368 368 371 371
342 342 342 342 343 344 345 345 345 345 344 344 345 344 344 344 345 345 345 345 345 345 345 345 347 345 346 346 347 348 350 351 351 352 353 353 353 353 353 353 353 354 355 355 355 354 354 355 356 356 356 356 356 356 356 357 357 357 357 357 358 357 357 359 360 360 360 360 361 360 361 361 364 364 362 364 365 365 366 365 366 365 367 367 367 367 367 367 369 369 368 368 369 371
342 342 344 344 344 345 345 345 345 345 345 346 346 345 345 345 345 345 345 345 345 345 345 345 345 346 346 347 348 351 351 352 353 353 353 352 353 352 352 353 355 355 355 355 355 354 355 356 356 356 356 356 356 356 356 356 357 357 357 357 357 357 357 357 360 360 360 360 360 360 361 362 364 364 361 364 364 365 365 367 367 367 367 368 368 368 368 369 369 368 369 369 369 369
343 343 344 343 343 345 345 346 346 346 346 345 345 345 345 345 345 345 345 345 345 345 345 345 346 346 348 350 351 351 352 353 354 353 352 352 352 352 352 354 355 355 355 355 355 355 355 356 356 356 356 356 356 356 356 356 357 357 357 357 357 359 359 360 359 359 360 360 361 360 360 361 362 363 364 364 364 364 365 365 367 367 368 368 368 368 368 370 370 369 368 369 369 369
343 343 343 343 345 345 346 346 346 346 346 346 345 345 345 345 345 345 345 345 345 345 345 346 348 348 349 351 351 351 352 354 354 353 353 352 352 352 352 355 355 355 355 355 355 355 355 356 356 356 356 356 356 356 357 358 357 357 358 358 359 360 359 360 360 360 360 360 363 362 362 361 361 362 362 364 364 364 364 364 367 367 367 368 368 368 370 370 369 371 370 370 370 370
343 343 343 343 345 346 345 346 346 345 345 345 345 345 345 345 345 345 346 346 346 345 345 346 346 348 349 351 351 351 352 353 353 352 352 352 352 352 352 352 353 355 355 355 355 355 355 356 356 356 356 356 356 357 357 356 357 359 359 359 359 360 360 360 360 360 361 363 363 362 363 363 363 363 362 362 364 364 364 365 367 367 367 367 368 368 368 370 370 370 370 370 371 371
343 344 344 344 344 345 345 345 346 346 346 346 345 345 347 347 347 346 348 347 346 346 346 346 346 348 349 351 351 352 352 352 352 352 352 352 352 352 355 355 352 354 355 355 355 356 356 356 356 356 357 358 358 359 359 357 359 359 359 359 359 359 359 360 361 361 361 361 361 361 362 363 363 363 363 362 363 363 364 365 366 365 367 367 367 370 370 369 370 370 370 370 370 371
345 346 346 345 345 345 345 345 346 347 347 347 346 347 348 348 348 348 348 347 346 346 346 346 346 347 349 351 352 352 352 352 352 352 352 352 352 353 355 355 354 353 355 355 355 355 357 357 356 356 356 357 358 359 359 359 359 360 359 359 359 359 361 361 361 361 361 361 361 363 363 363 363 363 363 363 363 363 363 365 365 366 367 366 367 368 370 370 370 370 370 370 370 370
344 345 346 345 345 346 347 347 347 347 346 347 347 346 347 348 348 348 347 346 346 346 346 346 346 349 349 351 352 352 352 352 352 352 352 352 352 353 354 355 355 354 354 354 355 355 357 358 357 356 356 357 357 358 359 359 359 362 360 362 362 361 362 361 361 361 362 362 362 363 363 363 364 364 364 363 363 363 363 363 364 365 366 366 367 368 369 369 369 370 370 370 370 370
346 346 346 346 347 347 347 347 347 346 346 346 346 346 346 346 346 346 349 347 346 349 349 348 346 346 349 350 352 352 352 352 352 353 352 352 352 352 352 354 354 355 355 354 355 355 356 357 357 358 358 358 357 357 358 359 359 360 360 360 360 361 361 361 361 361 362 362 362 362 363 363 364 364 364 364 364 363 364 364 364 364 366 366 367 368 369 369 369 369 369 370 371 372
346 346 346 346 347 347 347 347 347 346 346 346 346 346 346 346 346 346 348 349 349 349 349 348 348 348 347 349 352 352 352 352 352 353 352 352 352 352 352 353 354 355 355 355 355 355 355 357 357 358 358 358 358 357 357 358 359 360 361 360 360 360 360 360 360 361 361 362 362 362 362 362 364 364 364 364 364 364 364 364 364 364 365 366 367 367 369 369 369 369 369 370 372 372
346 346 346 347 346 346 347 347 347 346 346 346 346 346 346 346 346 346 347 349 349 350 350 350 349 349 347 348 351 352 352 351 352 352 352 352 352 352 352 354 354 355 355 355 355 355 355 356 356 357 357 358 358 359 358 358 360 360 360 360 360 360 360 360 360 360 361 361 361 362 362 362 363 363 363 364 364 364 365 364 364 364 364 365 367 367 367 368 370 370 370 370 371 372
