R4Research-BCEENET2021/data/bio/bio_13.asc
NCOLS 1249 
NROWS 465 
XLLCORNER -86.9583333333333 
YLLCORNER 33.5416666666667 
CELLSIZE 0.00833333333333333 
NODATA_value -3.4e+38 
[rows 328 to 368 of 465, columns 940 to 1033 of 1249]
144 144 144 144 144 144 144 144 145 145 145 145 145 145 145 145 145 145 146 146 146 146 146 146 147 147 147 147 147 148 148 148 148 148 149 149 149 149 150 150 150 150 151 151 151 152 152 152 153 153 153 154 154 154 154 154 155 155 156 156 156 157 157 158 158 158 159 159 160 160 161 161 162 163 163 164 164 165 165 166 166 167 168 168 169 169 170 170 171 172 172 173 173 174
144 144 144 144 144 144 144 144 145 145 145 145 145 145 145 145 145 145 146 146 146 146 146 147 147 147 147 147 148 148 148 148 148 149 149 149 149 149 150 150 150 151 151 151 152 152 152 153 153 153 153 154 154 154 154 154 155 155 156 156 157 157 157 158 158 159 159 159 160 161 161 162 162 163 163 164 164 165 165 166 167 167 168 168 169 169 170 171 171 172 173 173 174 174
144 144 144 144 144 144 144 145 145 145 145 145 145 145 145 145 145 146 146 146 146 146 147 147 147 147 147 148 148 148 148 148 149 149 149 149 149 150 150 150 151 151 151 151 152 152 152 153 153 153 153 154 154 154 155 155 155 155 156 156 157 157 157 158 158 159 159 160 160 161 161 162 162 163 163 164 165 165 166 166 167 167 168 169 169 170 170 171 172 172 173 173 174 174
145 145 145 145 145 145 144 145 145 145 145 145 145 145 145 145 145 146 146 146 146 147 147 147 147 147 148 148 148 148 148 149 149 149 149 149 149 150 150 150 151 151 151 152 152 152 152 153 153 153 154 154 154 154 155 155 155 156 156 156 157 157 157 158 158 159 159 160 160 161 161 162 162 163 163 164 165 165 166 166 167 167 168 169 169 170 170 171 172 172 173 173 174 175
145 145 145 145 145 145 145 145 145 145 145 145 145 145 145 145 146 146 146 146 146 147 147 147 147 147 148 148 148 148 148 149 149 149 149 149 150 150 150 151 151 151 151 152 152 152 153 153 153 154 154 154 155 155 155 156 156 156 156 156 157 157 158 158 158 159 159 160 160 161 161 162 163 163 164 164 165 165 166 166 167 168 168 169 169 170 171 171 172 172 173 174 174 175
145 145 145 145 145 145 145 145 145 145 145 145 145 145 145 145 146 146 146 146 147 147 147 147 147 148 148 148 148 148 148 149 149 149 149 150 150 150 150 151 151 151 151 152 152 152 153 153 153 154 154 154 155 155 155 156 156 156 157 157 157 157 158 158 158 159 159 160 160 161 162 162 163 163 164 164 165 165 166 167 167 168 168 169 170 170 171 171 172 172 173 174 174 175
145 145 145 145 145 145 145 145 145 145 145 145 145 145 145 146 146 146 146 146 147 147 147 147 147 148 148 148 148 148 149 149 149 149 149 150 150 150 151 151 151 151 152 152 152 153 153 153 154 154 154 154 155 155 155 156 156 156 157 157 158 158 158 158 159 159 159 160 161 161 162 162 163 163 164 165 165 166 166 167 167 168 169 169 170 170 171 172 172 173 173 174 174 175
145 145 145 145 145 145 145 145 145 145 145 145 145 145 145 146 146 146 146 147 147 147 147 147 147 148 148 148 148 149 149 149 149 149 150 150 150 150 151 151 151 152 152 152 152 153 153 153 154 154 154 155 155 155 156 156 156 157 157 157 158 158 158 159 159 159 160 160 161 161 162 162 163 164 164 165 165 166 166 167 168 168 169 169 170 171 171 172 172 173 173 174 175 175
145 145 145 145 145 145 145 145 145 145 145 145 145 145 145 146 146 146 146 147 147 147 147 147 148 148 148 148 149 149 149 149 149 149 150 150 150 151 151 151 151 152 152 152 153 153 153 153 154 154 154 155 155 156 156 156 156 157 157 157 158 158 158 159 159 160 160 160 161 161 162 163 163 164 164 165 165 166 167 167 168 168 169 169 170 171 171 172 172 173 174 174 175 175
145 145 145 145 145 145 145 145 145 145 145 145 145 146 146 146 146 146 147 147 147 147 147 148 148 148 148 148 148 149 149 149 149 150 150 150 151 151 151 151 152 152 152 152 153 153 153 154 154 154 155 155 155 156 156 156 157 157 157 158 158 158 159 159 160 160 161 161 161 162 162 163 163 164 164 165 166 166 167 167 168 168 169 169 170 171 171 172 172 173 174 174 175 176
145 145 145 145 145 145 145 145 145 145 145 145 146 146 146 146 146 147 147 147 147 147 147 148 148 148 148 148 149 149 149 149 150 150 150 150 151 151 151 151 152 152 152 153 153 153 154 154 154 154 155 155 155 156 156 156 157 157 157 158 158 159 159 159 160 160 161 161 161 162 162 163 163 164 164 165 166 166 167 167 168 169 169 170 170 171 171 172 173 173 174 174 175 176
145 145 145 145 145 145 145 145 145 145 145 146 146 146 146 146 146 146 147 147 147 147 148 148 148 148 148 148 149 149 149 149 150 150 150 151 151 151 151 152 152 152 152 153 153 153 154 154 154 155 155 155 156 156 156 157 157 157 158 158 158 159 159 160 160 160 161 161 162 162 163 163 163 164 164 165 166 166 167 167 168 169 169 170 170 171 171 172 173 173 174 175 175 176
145 145 145 145 145 145 145 145 145 146 146 146 146 146 146 146 146 147 147 147 147 147 148 148 148 148 148 149 149 149 149 150 150 150 150 151 151 151 151 152 152 152 153 153 153 153 154 154 154 155 155 155 156 156 156 157 157 157 158 158 159 159 159 160 160 161 161 161 162 162 163 163 164 164 165 165 166 166 167 168 168 169 169 170 170 171 172 172 173 173 174 175 175 176
145 145 145 145 145 145 145 146 146 146 146 146 146 146 146 146 147 147 147 147 147 147 148 148 148 148 149 149 149 149 149 150 150 150 151 151 151 151 152 152 152 153 153 153 153 154 154 154 155 155 155 156 156 156 157 157 157 158 158 158 159 159 159 160 160 161 161 161 162 162 163 163 164 164 165 165 166 166 167 168 168 169 169 170 171 171 172 172 173 173 174 175 175 176
145 145 145 145 145 145 146 146 146 146 146 146 146 146 146 147 147 147 147 147 147 148 148 148 148 148 149 149 149 149 149 150 150 150 151 151 151 152 152 152 152 153 153 153 153 154 154 154 155 155 155 156 156 156 157 157 157 158 158 159 159 159 160 160 161 161 161 162 162 163 163 164 164 164 165 166 166 167 167 168 168 169 170 170 171 171 172 172 173 174 174 175 175 176
145 145 145 145 145 145 146 146 146 146 146 146 146 146 147 147 147 147 147 147 147 148 148 148 148 149 149 149 149 149 150 150 150 151 151 151 151 152 152 152 152 153 153 153 154 154 154 155 155 155 156 156 156 157 157 157 158 158 158 159 159 159 160 160 161 161 162 162 162 163 163 164 164 165 165 166 167 167 168 168 168 169 170 170 171 171 172 173 173 174 174 175 175 176
145 145 145 145 146 146 146 146 146 146 146 146 146 147 147 147 147 147 147 148 148 148 148 148 148 149 149 149 149 149 150 150 150 151 151 151 151 152 152 152 152 153 153 153 154 154 154 155 155 155 156 156 156 157 157 157 158 158 158 159 159 160 160 160 161 161 162 162 163 163 164 164 164 165 165 166 167 167 168 168 168 169 169 170 171 171 172 173 173 174 174 175 175 176
145 145 145 146 146 146 146 146 146 146 146 146 147 147 147 147 147 147 147 148 148 148 148 148 149 149 149 149 149 150 150 150 150 151 151 151 152 152 152 152 153 153 153 154 154 154 155 155 155 155 156 156 156 157 157 157 158 158 158 159 159 160 160 161 161 161 162 162 163 163 164 164 165 165 166 166 167 167 168 168 169 169 170 170 171 171 172 173 173 174 175 175 176 176
145 145 145 146 146 146 146 146 146 146 146 146 147 147 147 147 147 147 148 148 148 148 148 148 149 149 149 149 150 150 150 150 150 151 151 151 152 152 152 153 153 153 153 154 154 154 155 155 155 155 156 156 156 157 157 157 158 158 159 159 159 160 160 161 161 162 162 162 163 163 164 164 165 165 166 166 167 167 168 168 169 169 170 170 171 172 172 173 173 174 175 175 176 176
145 145 146 146 146 146 146 146 146 146 146 147 147 147 147 147 147 148 148 148 148 148 148 149 149 149 149 149 150 150 150 150 151 151 151 152 152 152 152 153 153 153 153 154 154 154 155 155 155 156 156 156 157 157 157 158 158 158 159 159 160 160 160 161 161 162 162 163 163 164 164 165 165 165 166 166 167 168 168 168 169 170 170 170 171 172 172 173 173 174 175 175 176 176
145 145 145 146 146 146 146 146 146 146 147 147 147 147 147 147 148 148 148 148 148 148 148 149 149 149 149 150 150 150 150 150 151 151 151 152 152 152 153 153 153 153 154 154 154 154 155 155 155 156 156 156 157 157 157 158 158 158 159 159 160 160 160 161 161 162 162 163 163 164 164 165 165 166 166 167 167 168 168 169 169 170 170 170 171 172 172 173 173 174 175 175 176 176
145 145 146 146 146 146 146 146 146 147 147 147 147 147 147 147 148 148 148 148 148 148 149 149 149 149 149 150 150 150 150 151 151 151 151 152 152 152 153 153 153 153 154 154 154 155 155 155 156 156 156 157 157 157 158 158 158 159 159 159 160 160 161 161 161 162 162 163 163 164 164 165 165 166 166 167 167 168 168 169 169 170 170 171 171 172 172 173 173 174 175 175 176 176
145 145 146 146 146 146 146 146 147 147 147 147 147 147 147 148 148 148 148 148 148 148 149 149 149 149 150 150 150 150 150 151 151 151 151 152 152 152 153 153 153 154 154 154 154 155 155 155 156 156 156 157 157 157 158 158 158 159 159 159 160 160 161 161 161 162 162 163 163 164 164 165 165 166 166 167 167 168 168 169 169 170 170 171 171 172 172 173 173 174 174 175 176 176
146 146 146 146 146 146 146 147 147 147 147 147 147 147 147 148 148 148 148 148 148 149 149 149 149 149 150 150 150 150 150 151 151 151 152 152 152 152 153 153 153 154 154 154 155 155 155 155 156 156 157 157 157 157 158 158 158 159 159 159 160 160 161 161 161 162 162 163 163 164 164 165 165 166 166 167 167 168 168 169 169 170 170 171 171 172 172 173 173 174 175 175 176 176
146 146 146 146 146 146 147 147 147 147 147 147 147 147 148 148 148 148 148 148 148 149 149 149 149 150 150 150 150 150 151 151 151 151 152 152 152 153 153 153 154 154 154 154 155 155 155 156 156 156 157 157 157 157 158 158 158 159 159 159 160 160 161 161 162 162 162 163 164 164 164 165 165 166 167 167 167 168 168 169 169 170 170 171 171 172 172 173 173 174 174 175 176 176
146 146 146 146 146 146 147 147 147 147 147 147 147 147 148 148 148 148 148 148 149 149 149 149 149 150 150 150 150 151 151 151 151 152 152 152 152 153 153 153 154 154 154 155 155 155 155 156 156 156 157 157 157 158 158 158 158 159 159 160 160 160 161 161 162 162 163 163 164 164 165 165 166 166 167 167 168 168 168 169 169 170 170 171 171 172 173 173 174 174 175 175 176 176
146 146 146 146 146 147 147 147 147 147 147 147 147 148 148 148 148 148 148 149 149 149 149 149 149 150 150 150 150 151 151 151 151 152 152 152 153 153 153 153 154 154 154 155 155 155 155 156 156 156 157 157 157 158 158 158 159 159 159 160 160 160 161 161 162 162 163 163 164 164 165 165 166 166 167 167 167 168 169 169 169 170 170 171 171 172 173 173 174 174 175 175 176 176
146 146 146 146 146 147 147 147 147 147 147 147 148 148 148 148 148 148 148 149 149 149 149 149 150 150 150 150 151 151 151 151 152 152 152 152 153 153 153 153 154 154 154 155 155 155 155 156 156 156 157 157 157 158 158 158 159 159 159 160 160 161 161 161 162 162 163 163 164 164 165 165 166 166 167 167 167 168 168 169 169 170 170 171 171 172 172 173 174 174 175 175 176 176
146 146 146 146 147 147 147 147 147 147 147 148 148 148 148 148 148 148 149 149 149 149 149 150 150 150 150 150 151 151 151 151 152 152 152 153 153 153 153 153 154 154 154 155 155 155 155 156 156 156 157 157 157 158 158 158 159 159 160 160 160 161 161 162 162 162 163 163 164 164 165 165 166 166 167 167 168 168 168 169 169 170 170 171 171 172 173 173 174 174 175 175 176 176
146 146 146 147 147 147 147 147 147 147 147 148 148 148 148 148 148 148 149 149 149 149 149 150 150 150 150 151 151 151 151 152 152 152 152 153 153 153 153 154 154 154 154 155 155 155 155 156 156 156 157 157 157 158 158 158 159 159 160 160 160 161 161 162 162 163 163 163 164 164 165 165 166 166 167 167 167 168 168 169 169 170 170 171 171 172 172 173 174 174 175 175 176 176
146 146 146 147 147 147 147 147 147 147 148 148 148 148 148 148 148 149 149 149 149 149 150 150 150 150 150 151 151 151 151 152 152 152 152 153 153 153 153 154 154 154 154 155 155 155 156 156 156 156 157 157 157 158 158 159 159 159 160 160 160 161 161 162 162 163 163 164 164 164 165 165 166 166 167 167 167 168 168 169 169 170 170 171 172 172 173 173 174 174 175 175 176 176
146 146 146 147 147 147 147 147 147 147 148 148 148 148 148 148 148 149 149 149 149 149 150 150 150 150 150 151 151 151 151 152 152 152 152 153 153 153 153 154 154 154 154 155 155 155 156 156 156 156 157 157 158 158 158 159 159 159 160 160 161 161 161 162 162 163 163 164 164 164 165 165 166 166 167 167 167 168 168 169 169 170 170 171 172 172 173 173 174 174 175 175 176 176
146 146 147 147 147 147 147 147 147 148 148 148 148 148 148 148 149 149 149 149 149 150 150 150 150 150 151 151 151 151 151 152 152 152 152 153 153 153 154 154 154 154 154 155 155 155 156 156 156 156 157 157 158 158 158 159 159 160 160 160 161 161 161 162 162 163 163 164 164 164 165 165 166 166 167 167 167 168 168 169 169 170 170 171 172 172 173 173 174 174 175 175 176 176
146 146 147 147 147 147 147 147 148 148 148 148 148 148 148 148 149 149 149 149 149 150 150 150 150 150 151 151 151 151 152 152 152 152 153 153 153 153 154 154 154 154 155 155 155 155 156 156 156 156 157 157 158 158 158 159 159 160 160 160 161 161 162 162 162 163 163 164 164 164 165 165 166 166 167 167 167 168 168 169 169 170 170 171 172 172 173 173 174 174 175 175 176 176
147 147 147 147 147 147 147 148 148 148 148 148 148 149 149 149 149 149 149 149 149 150 150 150 150 150 151 151 151 151 152 152 152 152 153 153 153 153 154 154 154 154 155 155 155 155 156 156 156 157 157 157 158 158 158 159 159 160 160 160 161 161 162 162 162 163 163 164 164 164 165 165 166 166 166 167 167 168 168 169 169 170 170 171 172 172 173 173 174 174 175 175 176 176
147 147 147 147 147 147 147 148 148 148 148 148 149 149 149 149 149 149 149 149 150 150 150 150 150 151 151 151 151 151 152 152 152 152 153 153 153 153 154 154 154 154 155 155 155 156 156 156 156 157 157 157 158 158 158 159 159 159 160 160 161 161 162 162 162 163 163 163 164 164 165 165 166 166 166 167 167 168 168 169 169 170 170 171 171 172 172 173 174 174 174 175 176 176
147 147 147 147 147 147 148 148 148 148 148 148 148 148 149 149 149 149 149 149 150 150 150 150 150 151 151 151 151 152 152 152 152 152 153 153 153 153 154 154 154 154 155 155 155 156 156 156 156 157 157 157 158 158 158 159 159 160 160 160 161 161 162 162 162 163 163 163 164 164 165 165 166 166 166 167 167 168 168 169 169 170 170 171 171 172 172 173 173 174 174 175 176 176
147 147 147 147 147 148 148 148 148 148 148 148 148 149 149 149 149 149 149 150 150 150 150 150 151 151 151 151 151 152 152 152 152 153 153 153 153 154 154 154 154 155 155 155 155 156 156 156 156 157 157 157 158 158 158 159 159 160 160 161 161 161 162 162 162 163 163 163 164 164 165 165 166 166 166 167 167 168 168 169 169 170 170 171 171 172 172 173 173 174 174 175 175 176
147 147 147 148 148 148 148 148 148 148 148 148 149 149 149 149 149 149 149 150 150 150 150 150 151 151 151 151 151 152 152 152 152 153 153 153 153 154 154 154 154 155 155 155 155 156 156 156 157 157 157 157 158 158 158 159 159 160 160 160 161 161 162 162 162 163 163 163 164 164 165 165 166 166 166 167 167 168 168 169 169 170 170 171 171 172 172 173 173 174 174 175 175 176
147 147 147 148 148 148 148 148 148 148 148 149 149 149 149 149 149 149 150 150 150 150 150 150 151 151 151 151 151 152 152 152 152 153 153 153 153 154 154 154 154 155 155 155 155 156 156 156 157 157 157 157 158 158 158 159 159 160 160 160 161 161 161 162 162 163 163 163 164 164 165 165 166 166 166 167 167 168 168 169 169 170 170 171 171 172 172 173 173 174 174 175 175 176
147 148 148 148 148 148 148 148 148 148 149 149 149 149 149 149 149 149 150 150 150 150 150 150 151 151 151 151 152 152 152 152 152 153 153 153 153 154 154 154 154 155 155 155 155 156 156 156 156 157 157 157 158 158 158 159 159 160 160 160 161 161 161 162 162 162 163 163 164 164 165 165 166 166 166 167 167 168 168 169 169 169 170 170 171 171 172 172 173 174 174 175 175 176
