R4Research-BCEENET2021/data/bio/bio_12.asc
NCOLS 1249 
NROWS 465 
XLLCORNER -86.9583333333333 
YLLCORNER 33.5416666666667 
CELLSIZE 0.00833333333333333 
NODATA_value -3.4e+38 
[rows 111 to 147 of 465, columns 672 to 755 of 1249]
1270 1253 1252 1261 1292 1285 1263 1270 1271 1279 1283 1287 1288 1300 1290 1284 1279 1276 1289 1288 1303 1316 1311 1301 1286 1280 1276 1270 1265 1252 1255 1256 1254 1243 1238 1231 1223 1221 1215 1215 1222 1213 1210 1213 1215 1220 1224 1229 1229 1217 1214 1185 1188 1182 1172 1168 1169 1168 1165 1165 1165 1164 1161 1163 1164 1171 1169 1166 1166 1167 1166 1167 1167 1167 1169 1170 1174 1177 1177 1179 1180 1178 1180 1180
1297 1271 1268 1281 1276 1277 1286 1293 1292 1287 1296 1301 1294 1308 1311 1308 1304 1309 1308 1318 1328 1319 1300 1299 1292 1281 1273 1264 1262 1263 1267 1255 1248 1239 1234 1226 1226 1226 1230 1232 1225 1220 1224 1225 1224 1224 1224 1225 1223 1206 1191 1179 1184 1180 1178 1173 1175 1177 1175 1167 1166 1165 1166 1166 1171 1179 1176 1169 1168 1167 1166 1168 1170 1168 1170 1175 1175 1179 1180 1181 1181 1181 1181 1182
1287 1287 1267 1261 1270 1285 1301 1304 1304 1302 1311 1316 1308 1308 1314 1323 1337 1339 1331 1328 1322 1321 1307 1293 1296 1284 1281 1271 1272 1268 1262 1250 1246 1241 1238 1231 1238 1242 1242 1237 1230 1224 1233 1236 1236 1241 1245 1233 1215 1190 1183 1177 1181 1178 1182 1176 1173 1174 1181 1175 1174 1174 1169 1166 1175 1173 1173 1171 1169 1170 1171 1171 1173 1173 1173 1178 1179 1182 1181 1181 1181 1181 1180 1181
1270 1276 1270 1287 1276 1290 1290 1296 1310 1312 1314 1316 1319 1322 1323 1337 1351 1340 1330 1321 1315 1306 1304 1299 1293 1288 1289 1292 1276 1276 1275 1263 1251 1248 1248 1248 1247 1248 1250 1247 1242 1236 1235 1236 1236 1242 1255 1235 1204 1194 1182 1178 1182 1176 1177 1177 1177 1175 1175 1178 1177 1178 1174 1170 1170 1174 1174 1174 1172 1172 1172 1173 1173 1173 1175 1178 1183 1180 1180 1181 1185 1183 1184 1185
1279 1281 1282 1301 1291 1282 1285 1301 1313 1309 1315 1318 1328 1342 1336 1329 1330 1330 1334 1327 1316 1315 1311 1315 1302 1302 1297 1297 1285 1279 1285 1285 1263 1263 1270 1275 1288 1274 1255 1251 1246 1246 1243 1237 1242 1246 1246 1225 1201 1187 1182 1178 1180 1178 1176 1180 1178 1176 1176 1177 1178 1177 1177 1175 1173 1172 1175 1173 1173 1174 1176 1178 1175 1174 1178 1179 1181 1184 1181 1182 1184 1184 1188 1187
1288 1300 1308 1315 1307 1320 1311 1298 1314 1313 1327 1334 1336 1333 1327 1323 1319 1322 1336 1330 1327 1326 1326 1316 1312 1308 1314 1298 1301 1289 1287 1296 1299 1295 1316 1311 1293 1270 1259 1255 1257 1256 1248 1242 1247 1249 1232 1201 1189 1185 1182 1182 1181 1182 1181 1180 1181 1178 1179 1178 1180 1178 1177 1176 1176 1175 1177 1179 1176 1173 1175 1181 1181 1180 1176 1178 1183 1184 1185 1183 1184 1185 1188 1189
1297 1286 1315 1319 1331 1334 1322 1306 1317 1326 1332 1335 1332 1325 1329 1322 1320 1325 1336 1339 1336 1340 1338 1331 1320 1321 1329 1315 1312 1315 1313 1319 1303 1288 1303 1295 1286 1274 1264 1269 1263 1256 1249 1255 1255 1239 1205 1192 1188 1185 1183 1183 1181 1180 1178 1179 1179 1177 1177 1177 1179 1183 1181 1180 1179 1177 1176 1177 1176 1177 1179 1177 1182 1183 1184 1182 1180 1183 1185 1185 1185 1185 1189 1192
1306 1297 1309 1312 1333 1337 1336 1335 1321 1324 1331 1332 1327 1323 1320 1321 1323 1338 1338 1333 1336 1348 1329 1330 1339 1334 1336 1338 1338 1331 1313 1322 1281 1257 1270 1276 1283 1278 1274 1271 1264 1258 1266 1260 1244 1215 1215 1224 1205 1197 1193 1190 1186 1186 1192 1189 1184 1183 1180 1180 1177 1183 1183 1183 1183 1184 1181 1182 1179 1179 1184 1181 1184 1186 1186 1185 1185 1182 1186 1186 1182 1186 1191 1197
1330 1319 1338 1330 1323 1340 1345 1339 1325 1332 1328 1331 1323 1327 1333 1333 1335 1339 1335 1333 1339 1341 1309 1284 1322 1340 1336 1329 1329 1303 1297 1302 1256 1218 1226 1252 1269 1274 1278 1275 1272 1268 1270 1268 1272 1263 1266 1263 1247 1217 1206 1196 1202 1209 1203 1199 1194 1186 1186 1183 1181 1182 1186 1186 1188 1189 1189 1187 1187 1189 1187 1186 1181 1184 1183 1185 1183 1182 1182 1184 1186 1189 1192 1199
1352 1343 1338 1348 1346 1336 1346 1347 1338 1326 1328 1326 1338 1343 1340 1341 1340 1338 1337 1343 1300 1310 1304 1243 1297 1308 1309 1298 1289 1257 1239 1254 1230 1231 1211 1220 1224 1249 1271 1289 1281 1281 1273 1273 1279 1283 1286 1277 1248 1215 1202 1196 1197 1207 1200 1197 1191 1190 1186 1187 1185 1182 1186 1187 1188 1190 1188 1188 1188 1189 1188 1186 1184 1184 1186 1182 1184 1186 1188 1186 1186 1189 1190 1193
1355 1354 1352 1353 1352 1345 1349 1353 1352 1345 1348 1339 1343 1349 1346 1340 1340 1340 1346 1336 1272 1260 1278 1231 1276 1250 1228 1249 1240 1231 1234 1239 1223 1212 1220 1205 1214 1223 1239 1264 1275 1286 1284 1282 1280 1282 1283 1243 1215 1205 1200 1192 1193 1196 1197 1192 1193 1191 1190 1187 1189 1183 1187 1187 1187 1188 1191 1190 1189 1189 1188 1189 1190 1188 1189 1189 1189 1190 1189 1188 1190 1190 1190 1193
1356 1360 1359 1358 1355 1356 1355 1358 1362 1355 1355 1354 1340 1343 1343 1339 1350 1347 1349 1332 1276 1240 1230 1226 1250 1260 1215 1231 1224 1215 1232 1225 1221 1225 1203 1203 1207 1215 1215 1222 1243 1270 1260 1274 1289 1289 1266 1240 1225 1201 1200 1200 1193 1193 1194 1192 1192 1192 1191 1189 1188 1185 1188 1190 1192 1193 1193 1194 1194 1194 1192 1193 1191 1191 1191 1191 1191 1192 1191 1185 1190 1190 1190 1192
1361 1365 1366 1364 1363 1364 1362 1361 1363 1365 1362 1355 1354 1352 1352 1357 1362 1357 1348 1327 1306 1273 1242 1219 1224 1240 1217 1210 1216 1211 1226 1230 1226 1209 1200 1208 1218 1210 1219 1219 1228 1242 1249 1261 1282 1264 1227 1215 1216 1205 1199 1202 1196 1195 1192 1193 1192 1191 1193 1192 1193 1192 1190 1193 1195 1197 1197 1194 1196 1196 1195 1194 1194 1193 1192 1193 1192 1192 1190 1191 1187 1186 1189 1192
1368 1368 1370 1369 1371 1369 1367 1367 1368 1370 1369 1365 1357 1359 1364 1366 1366 1342 1287 1276 1289 1267 1255 1240 1222 1217 1207 1203 1222 1211 1211 1212 1206 1206 1199 1202 1208 1210 1211 1224 1228 1246 1250 1250 1246 1250 1218 1208 1207 1205 1202 1201 1197 1197 1196 1196 1194 1192 1193 1195 1194 1193 1190 1195 1196 1196 1197 1195 1197 1197 1197 1194 1194 1194 1194 1194 1194 1194 1192 1187 1185 1187 1190 1192
1371 1374 1373 1373 1373 1374 1373 1372 1371 1370 1372 1372 1367 1365 1363 1353 1350 1312 1287 1253 1263 1247 1242 1231 1223 1224 1227 1212 1205 1208 1206 1206 1212 1218 1203 1201 1201 1202 1214 1223 1229 1233 1225 1222 1231 1227 1213 1207 1207 1202 1202 1200 1200 1200 1198 1198 1198 1198 1196 1197 1197 1193 1193 1196 1197 1196 1195 1195 1195 1196 1196 1196 1194 1195 1194 1193 1191 1195 1195 1195 1191 1187 1192 1193
1377 1376 1377 1378 1379 1377 1375 1366 1351 1372 1371 1371 1361 1350 1317 1271 1311 1281 1284 1252 1241 1234 1228 1243 1246 1250 1235 1211 1206 1208 1207 1208 1219 1239 1211 1204 1203 1207 1219 1217 1217 1210 1210 1211 1211 1210 1207 1205 1206 1204 1201 1202 1204 1200 1200 1199 1199 1199 1198 1197 1197 1197 1195 1196 1198 1198 1196 1196 1196 1195 1195 1199 1198 1197 1195 1195 1193 1191 1191 1194 1194 1189 1190 1190
1379 1327 1354 1334 1339 1377 1346 1288 1295 1315 1292 1298 1293 1287 1273 1253 1265 1250 1249 1242 1238 1232 1223 1235 1228 1238 1232 1215 1210 1208 1208 1209 1217 1237 1207 1202 1216 1206 1204 1212 1212 1205 1207 1207 1207 1207 1208 1205 1205 1205 1203 1203 1202 1202 1202 1201 1202 1200 1199 1196 1196 1198 1198 1193 1196 1200 1199 1199 1199 1196 1196 1200 1200 1198 1197 1194 1194 1194 1190 1191 1193 1188 1191 1191
1289 1274 1326 1344 1280 1303 1337 1286 1265 1269 1259 1261 1268 1277 1245 1235 1251 1275 1276 1286 1265 1239 1232 1222 1222 1229 1235 1232 1224 1212 1211 1212 1230 1239 1214 1205 1204 1206 1204 1206 1209 1207 1206 1205 1206 1211 1213 1205 1204 1204 1203 1203 1203 1205 1206 1206 1205 1203 1203 1202 1202 1198 1199 1193 1196 1200 1200 1199 1199 1199 1198 1200 1200 1199 1196 1193 1193 1193 1193 1190 1189 1187 1190 1191
1316 1267 1282 1301 1282 1267 1295 1290 1270 1252 1243 1247 1282 1301 1270 1232 1244 1253 1252 1255 1259 1256 1231 1222 1217 1226 1219 1244 1255 1241 1224 1207 1227 1239 1239 1218 1205 1206 1206 1207 1212 1205 1208 1212 1212 1216 1216 1213 1209 1209 1207 1206 1205 1206 1206 1206 1207 1208 1207 1205 1204 1203 1200 1199 1194 1198 1200 1198 1199 1198 1197 1199 1199 1199 1195 1194 1191 1192 1189 1188 1188 1188 1193 1195
1296 1284 1267 1291 1282 1255 1260 1268 1297 1271 1242 1276 1264 1260 1241 1230 1228 1227 1239 1239 1244 1263 1258 1253 1234 1219 1218 1233 1247 1234 1219 1211 1218 1237 1236 1224 1208 1208 1212 1208 1211 1205 1210 1214 1219 1220 1218 1218 1216 1218 1219 1212 1205 1205 1206 1205 1209 1211 1209 1208 1205 1204 1204 1203 1198 1198 1203 1202 1198 1196 1196 1199 1198 1196 1194 1195 1196 1194 1193 1189 1188 1185 1192 1194
1302 1280 1276 1263 1291 1274 1256 1258 1275 1256 1235 1240 1243 1266 1256 1239 1234 1222 1227 1251 1258 1249 1247 1258 1259 1243 1222 1227 1245 1232 1219 1213 1216 1224 1223 1216 1209 1210 1210 1209 1210 1210 1215 1219 1219 1221 1219 1220 1220 1217 1216 1212 1211 1207 1207 1207 1211 1211 1210 1210 1210 1209 1205 1202 1199 1198 1202 1199 1197 1194 1195 1195 1195 1197 1197 1193 1192 1192 1193 1191 1193 1193 1194 1196
1388 1365 1332 1267 1302 1285 1254 1245 1256 1256 1231 1253 1259 1277 1284 1252 1230 1226 1226 1245 1265 1258 1247 1245 1265 1256 1236 1223 1229 1226 1213 1214 1224 1218 1218 1216 1214 1213 1213 1208 1211 1217 1223 1222 1220 1224 1220 1218 1218 1215 1213 1214 1214 1210 1207 1211 1211 1209 1209 1212 1212 1209 1207 1207 1203 1200 1197 1197 1196 1191 1191 1195 1197 1199 1199 1196 1192 1192 1190 1191 1194 1195 1195 1193
1390 1346 1317 1273 1262 1275 1272 1252 1237 1246 1231 1279 1283 1287 1278 1273 1243 1226 1229 1243 1255 1276 1259 1236 1245 1239 1232 1221 1222 1221 1218 1217 1219 1219 1219 1219 1219 1213 1210 1218 1223 1226 1226 1223 1222 1222 1222 1217 1217 1217 1217 1215 1213 1213 1208 1209 1212 1212 1211 1210 1211 1211 1209 1203 1203 1201 1195 1195 1198 1194 1192 1195 1198 1200 1197 1198 1195 1193 1192 1188 1193 1194 1195 1194
1344 1325 1306 1278 1256 1259 1264 1275 1237 1245 1232 1261 1278 1280 1271 1260 1235 1225 1227 1236 1252 1272 1265 1241 1227 1227 1225 1224 1220 1222 1218 1214 1215 1220 1220 1220 1217 1213 1217 1221 1223 1225 1225 1225 1221 1220 1220 1219 1219 1218 1218 1216 1215 1215 1213 1209 1210 1212 1212 1211 1210 1209 1207 1202 1201 1201 1198 1194 1196 1194 1197 1199 1199 1200 1201 1196 1193 1193 1190 1186 1188 1194 1194 1191
1314 1290 1296 1282 1244 1244 1251 1273 1252 1233 1233 1252 1252 1272 1272 1258 1255 1242 1226 1247 1248 1248 1253 1239 1235 1234 1234 1231 1225 1230 1225 1221 1218 1220 1218 1220 1216 1215 1218 1221 1222 1224 1225 1225 1224 1221 1220 1221 1221 1218 1218 1218 1217 1216 1215 1214 1209 1208 1209 1207 1208 1206 1208 1204 1201 1199 1200 1200 1197 1198 1194 1198 1197 1196 1197 1196 1194 1191 1188 1188 1189 1190 1192 1188
1297 1287 1269 1273 1256 1255 1232 1257 1259 1247 1228 1229 1242 1274 1287 1276 1255 1254 1235 1230 1233 1246 1237 1236 1242 1242 1242 1243 1233 1229 1229 1229 1222 1221 1221 1220 1218 1225 1225 1224 1224 1226 1224 1225 1226 1225 1222 1218 1221 1220 1219 1220 1218 1219 1216 1212 1210 1207 1207 1208 1208 1208 1207 1206 1206 1203 1203 1203 1202 1198 1193 1193 1193 1189 1186 1191 1192 1192 1188 1188 1189 1190 1193 1190
1307 1285 1270 1263 1252 1247 1230 1235 1242 1234 1229 1244 1278 1281 1279 1291 1265 1239 1237 1230 1227 1233 1237 1233 1234 1234 1236 1237 1232 1229 1229 1225 1225 1220 1220 1220 1220 1226 1226 1226 1225 1228 1224 1226 1224 1224 1222 1221 1220 1223 1221 1219 1213 1213 1212 1212 1209 1205 1206 1207 1209 1209 1208 1205 1204 1204 1203 1200 1196 1191 1192 1191 1193 1187 1189 1188 1186 1188 1188 1185 1186 1189 1191 1189
1301 1286 1264 1250 1240 1232 1234 1234 1238 1230 1230 1269 1275 1259 1267 1282 1269 1262 1260 1233 1227 1227 1234 1236 1233 1236 1234 1237 1237 1235 1230 1227 1229 1227 1225 1226 1219 1226 1224 1223 1226 1232 1227 1225 1226 1221 1224 1222 1221 1224 1220 1217 1212 1210 1212 1212 1212 1212 1205 1208 1210 1208 1207 1207 1203 1202 1199 1201 1198 1192 1196 1193 1190 1193 1194 1192 1190 1189 1188 1186 1185 1180 1190 1187
1293 1286 1272 1251 1249 1245 1228 1233 1238 1227 1240 1272 1278 1243 1271 1265 1261 1263 1249 1244 1241 1232 1230 1238 1238 1238 1237 1238 1239 1238 1238 1236 1233 1228 1228 1228 1224 1217 1224 1227 1229 1229 1227 1227 1226 1224 1225 1225 1220 1220 1218 1217 1214 1212 1211 1214 1215 1215 1209 1205 1209 1210 1203 1201 1201 1198 1195 1197 1193 1193 1198 1198 1197 1199 1196 1195 1195 1195 1190 1189 1186 1182 1182 1181
1279 1294 1283 1276 1270 1254 1237 1231 1231 1230 1230 1241 1265 1240 1259 1256 1240 1241 1241 1241 1238 1239 1234 1232 1238 1237 1238 1238 1241 1243 1240 1240 1239 1240 1233 1227 1227 1224 1222 1226 1225 1228 1228 1230 1226 1222 1223 1220 1219 1220 1220 1218 1217 1216 1215 1210 1214 1212 1212 1207 1204 1201 1200 1200 1201 1202 1201 1198 1196 1197 1196 1197 1197 1201 1200 1199 1195 1193 1192 1193 1190 1190 1187 1186
1267 1295 1292 1296 1291 1276 1264 1248 1239 1230 1234 1228 1241 1237 1237 1237 1237 1242 1238 1240 1239 1239 1239 1238 1234 1234 1237 1238 1238 1241 1243 1240 1240 1238 1238 1235 1230 1229 1225 1222 1224 1226 1226 1227 1226 1223 1220 1220 1220 1221 1220 1219 1217 1216 1213 1208 1208 1207 1207 1204 1206 1206 1204 1201 1202 1202 1202 1199 1199 1199 1200 1199 1199 1201 1196 1199 1196 1193 1193 1192 1193 1193 1188 1188
1257 1285 1279 1312 1320 1325 1317 1313 1293 1281 1276 1238 1237 1237 1231 1233 1232 1235 1238 1242 1241 1241 1244 1241 1238 1235 1238 1236 1241 1243 1243 1242 1240 1235 1236 1235 1234 1233 1225 1221 1224 1222 1222 1226 1226 1226 1222 1219 1221 1221 1220 1218 1216 1213 1211 1207 1209 1209 1211 1211 1208 1207 1204 1204 1203 1205 1209 1206 1201 1205 1204 1203 1202 1201 1198 1195 1195 1194 1194 1193 1194 1193 1191 1189
1248 1260 1275 1279 1298 1304 1291 1297 1276 1269 1258 1245 1239 1237 1237 1239 1238 1236 1242 1243 1242 1242 1247 1246 1241 1236 1234 1234 1240 1242 1242 1242 1239 1236 1232 1236 1232 1228 1225 1219 1219 1223 1227 1225 1221 1221 1218 1216 1218 1217 1212 1211 1208 1206 1207 1207 1210 1212 1213 1213 1209 1209 1206 1207 1207 1208 1209 1209 1208 1208 1208 1209 1208 1203 1201 1196 1191 1191 1193 1192 1193 1191 1192 1190
1246 1240 1249 1251 1272 1267 1262 1259 1267 1253 1257 1256 1245 1242 1242 1241 1241 1240 1238 1242 1242 1242 1248 1249 1248 1245 1245 1239 1236 1241 1243 1241 1239 1233 1232 1232 1232 1230 1230 1226 1223 1218 1224 1220 1220 1214 1211 1211 1218 1210 1209 1209 1210 1213 1210 1208 1209 1212 1213 1214 1212 1213 1211 1211 1209 1213 1213 1218 1218 1217 1217 1210 1209 1205 1202 1198 1193 1192 1188 1189 1188 1185 1188 1195
1293 1255 1243 1240 1243 1251 1252 1247 1252 1250 1257 1255 1247 1244 1243 1243 1245 1242 1241 1237 1239 1239 1245 1250 1250 1245 1246 1245 1241 1239 1243 1242 1234 1231 1233 1232 1231 1230 1229 1221 1219 1216 1216 1218 1213 1217 1217 1211 1212 1212 1217 1217 1210 1210 1210 1210 1216 1216 1217 1220 1219 1215 1213 1216 1212 1211 1215 1225 1218 1218 1220 1210 1206 1205 1204 1203 1198 1195 1191 1189 1185 1185 1185 1185
1287 1298 1277 1251 1239 1239 1247 1245 1249 1251 1249 1254 1256 1254 1252 1250 1251 1248 1247 1246 1240 1240 1242 1248 1250 1251 1247 1245 1240 1237 1238 1239 1237 1233 1233 1231 1225 1218 1219 1219 1221 1221 1222 1218 1220 1223 1221 1219 1213 1214 1217 1217 1219 1218 1217 1216 1217 1218 1220 1222 1228 1233 1237 1238 1229 1215 1215 1214 1219 1227 1216 1210 1206 1204 1201 1201 1197 1195 1188 1189 1187 1182 1183 1188
1272 1278 1276 1255 1250 1239 1239 1243 1247 1249 1248 1253 1250 1257 1257 1256 1252 1251 1251 1251 1249 1244 1242 1246 1249 1250 1248 1242 1240 1235 1239 1238 1232 1230 1224 1224 1224 1224 1230 1230 1230 1222 1222 1224 1224 1224 1219 1217 1215 1215 1219 1221 1223 1224 1220 1221 1218 1218 1218 1223 1244 1244 1230 1221 1221 1217 1211 1213 1213 1217 1211 1208 1206 1205 1198 1197 1196 1191 1189 1185 1186 1181 1184 1185
