R4Research-BCEENET2021/data/bio/bio_13.asc
NCOLS 1249 
NROWS 465 
XLLCORNER -86.9583333333333 
YLLCORNER 33.5416666666667 
CELLSIZE 0.00833333333333333 
NODATA_value -3.4e+38 
[rows 410 to 450 of 465, columns 846 to 939 of 1249]
140 140 141 141 142 142 142 143 143 144 144 145 145 145 146 146 147 147 147 148 148 148 148 149 149 149 149 149 149 150 150 150 150 150 150 150 150 150 150 150 151 151 151 151 151 151 151 151 152 152 152 152 152 152 153 153 153 153 153 153 153 154 154 154 154 154 154 154 154 155 155 155 155 155 155 155 155 156 156 156 156 156 156 157 157 157 157 157 157 157 157 157 157 157
140 140 141 141 141 142 142 143 143 144 144 144 145 145 146 146 147 147 147 147 148 148 148 148 148 149 149 149 149 149 150 150 150 150 150 150 150 150 150 150 151 151 151 151 151 151 152 151 152 152 152 152 152 152 153 153 153 153 153 153 154 154 154 154 154 154 154 155 155 155 155 155 155 155 155 156 156 156 156 156 156 157 157 157 157 157 157 157 157 157 157 157 157 158
140 140 141 141 141 142 142 143 143 143 144 144 145 145 146 146 146 147 147 147 147 148 148 148 148 148 149 149 149 149 149 150 150 150 150 150 150 150 150 150 150 151 151 151 151 151 152 152 152 152 152 152 152 152 153 153 153 153 153 153 154 154 154 154 154 154 154 155 155 155 155 155 155 155 156 156 156 156 156 156 156 156 157 157 157 157 157 157 157 158 158 158 158 158
140 140 141 141 141 142 142 142 143 143 144 144 145 145 145 146 146 147 147 147 147 147 148 148 148 148 148 149 149 149 149 150 150 150 150 150 150 150 150 150 150 151 151 151 151 151 152 152 152 152 152 152 152 152 153 153 153 153 153 153 154 154 154 154 154 154 155 155 155 155 155 155 155 156 156 156 156 156 156 156 157 157 157 157 157 157 157 157 158 158 158 158 158 158
140 140 141 141 141 142 142 142 143 143 144 144 144 145 145 146 146 146 146 147 147 147 147 148 148 148 148 148 149 149 149 149 149 150 150 150 150 150 150 150 150 151 151 151 151 151 152 152 152 152 152 152 152 152 153 153 153 153 153 154 154 154 154 154 154 154 155 155 155 155 155 155 155 156 156 156 156 156 156 157 157 157 157 157 157 158 158 158 158 158 158 158 158 158
140 140 141 141 141 142 142 142 143 143 143 144 144 145 145 145 146 146 146 147 147 147 147 147 148 148 148 148 149 149 149 149 149 150 150 150 150 150 150 150 150 150 151 151 151 151 152 152 152 152 152 152 152 152 153 153 153 153 153 154 154 154 154 154 154 155 155 155 155 155 155 155 156 156 156 156 156 156 157 157 157 157 157 157 158 158 158 158 158 158 158 159 159 159
140 140 141 141 141 141 142 142 143 143 143 144 144 144 145 145 145 146 146 146 147 147 147 147 147 148 148 148 148 148 149 149 149 149 150 150 150 150 150 150 150 150 151 151 151 151 151 152 152 152 152 152 152 152 153 153 153 153 153 154 154 154 154 154 154 155 155 155 155 155 155 156 156 156 156 156 156 157 157 157 157 157 157 157 158 158 158 158 158 159 159 159 159 159
140 140 141 141 141 141 142 142 142 143 143 143 144 144 144 145 145 146 146 146 146 147 147 147 147 147 148 148 148 148 149 149 149 149 150 150 150 150 150 150 150 150 150 151 151 151 151 152 152 152 152 152 152 152 153 153 153 153 153 154 154 154 154 154 155 155 155 155 155 155 155 156 156 156 156 156 156 157 157 157 157 157 158 158 158 158 158 158 159 159 159 159 159 159
140 140 140 141 141 141 142 142 142 143 143 143 144 144 144 145 145 145 145 146 146 146 146 147 147 147 147 148 148 148 148 149 149 149 149 150 150 150 150 150 150 150 150 151 151 151 151 152 152 152 152 152 152 152 153 153 153 153 153 154 154 154 154 154 155 155 155 155 155 155 156 156 156 156 156 156 157 157 157 157 157 158 158 158 158 158 158 159 159 159 159 159 160 160
140 140 140 141 141 141 141 142 142 142 143 143 143 144 144 144 145 145 145 145 146 146 146 146 147 147 147 147 148 148 148 148 149 149 149 149 150 150 150 150 150 150 150 151 151 151 151 151 152 152 152 152 153 153 153 153 153 153 153 154 154 154 154 154 155 155 155 155 155 155 156 156 156 156 156 157 157 157 157 157 157 158 158 158 158 159 159 159 159 159 160 160 160 160
140 140 140 140 141 141 141 142 142 142 142 143 143 143 144 144 144 144 145 145 146 146 146 146 146 147 147 147 147 148 148 148 148 149 149 149 149 150 150 150 150 150 150 150 151 151 151 151 152 152 152 152 153 153 153 153 153 153 153 154 154 154 154 154 155 155 155 155 155 155 156 156 156 156 156 157 157 157 157 157 158 158 158 158 159 159 159 159 159 160 160 160 160 160
139 140 140 140 141 141 141 141 142 142 142 142 143 143 143 144 144 144 145 145 145 146 146 146 146 147 147 147 147 148 148 148 148 149 149 149 149 150 150 150 150 150 150 150 151 151 151 151 151 152 152 152 152 153 153 153 153 153 153 154 154 154 154 154 155 155 155 155 155 156 156 156 156 156 157 157 157 157 157 158 158 158 158 158 159 159 159 160 160 160 160 160 160 160
139 140 140 140 140 141 141 141 141 142 142 142 142 143 143 143 144 144 144 145 145 145 146 146 146 146 147 147 147 147 148 148 148 148 149 149 149 149 149 150 150 150 150 150 151 151 151 151 151 152 152 152 152 153 153 153 153 153 153 154 154 154 154 154 155 155 155 155 155 156 156 156 156 156 157 157 157 157 157 158 158 158 158 159 159 159 159 160 160 160 160 160 161 161
139 139 140 140 140 140 141 141 141 141 142 142 142 142 143 143 143 144 144 144 145 145 145 145 146 146 146 147 147 147 147 148 148 148 148 149 149 149 149 150 150 150 150 150 150 151 151 151 151 152 152 152 152 153 153 153 153 153 154 154 154 154 154 154 155 155 155 155 155 156 156 156 156 156 157 157 157 157 158 158 158 158 159 159 159 159 159 160 160 160 160 161 161 161
139 139 139 140 140 140 140 141 141 141 141 142 142 142 142 143 143 143 144 144 144 145 145 145 146 146 146 146 147 147 147 147 148 148 148 148 149 149 149 149 149 150 150 150 150 151 151 151 151 151 152 152 152 153 153 153 153 153 154 154 154 154 154 154 155 155 155 155 156 156 156 156 156 157 157 157 157 157 158 158 158 159 159 159 159 159 160 160 160 160 161 161 161 161
139 139 139 139 140 140 140 140 141 141 141 141 142 142 142 142 143 143 143 144 144 144 145 145 145 146 146 146 147 147 147 147 147 148 148 148 148 149 149 149 149 150 150 150 150 151 151 151 151 152 152 152 152 153 153 153 153 153 154 154 154 154 154 155 155 155 155 155 156 156 156 156 156 157 157 157 157 158 158 158 158 159 159 159 159 159 160 160 161 161 161 161 162 162
139 139 139 139 139 140 140 140 140 141 141 141 141 142 142 142 142 143 143 143 144 144 144 145 145 145 146 146 146 147 147 147 147 148 148 148 148 149 149 149 149 150 150 150 150 151 151 151 151 151 152 152 152 152 153 153 153 153 153 154 154 154 154 155 155 155 155 155 156 156 156 156 156 157 157 157 157 158 158 158 158 159 159 159 160 160 160 160 161 161 161 162 162 162
139 139 139 139 139 139 140 140 140 140 141 141 141 142 142 142 142 142 143 143 143 144 144 144 145 145 145 146 146 146 147 147 147 147 148 148 148 148 149 149 149 150 150 150 150 150 150 151 151 151 151 152 152 152 152 153 153 153 153 154 154 154 154 155 155 155 155 155 156 156 156 156 157 157 157 157 158 158 158 158 159 159 160 160 160 160 161 161 161 161 162 162 162 162
138 138 139 139 139 139 139 140 140 140 141 141 141 141 142 142 142 142 143 143 143 144 144 144 145 145 145 145 146 146 146 147 147 147 147 148 148 148 149 149 149 149 150 150 150 150 150 151 151 151 151 152 152 152 152 153 153 153 153 154 154 154 154 155 155 155 155 155 156 156 156 156 157 157 157 158 158 158 159 159 159 159 160 160 160 161 161 161 161 162 162 162 163 163
138 138 139 139 139 139 139 140 140 140 140 140 141 141 141 142 142 142 142 143 143 143 144 144 144 145 145 145 145 146 146 146 147 147 147 148 148 148 148 149 149 149 149 150 150 150 150 151 151 151 151 152 152 152 152 153 153 153 153 153 154 154 154 154 155 155 155 155 156 156 156 157 157 157 158 158 158 159 159 159 159 160 160 160 161 161 161 162 162 162 162 163 163 163
138 138 138 138 139 139 139 139 140 140 140 140 140 141 141 141 142 142 142 142 143 143 143 144 144 144 145 145 145 146 146 146 146 147 147 147 148 148 148 149 149 149 149 150 150 150 151 151 151 151 151 152 152 152 152 153 153 153 153 154 154 154 154 154 155 155 155 156 156 156 157 157 157 158 158 158 159 159 159 159 160 160 161 161 161 162 162 162 162 163 163 163 163 163
138 138 138 138 138 139 139 139 139 139 140 140 140 140 141 141 141 142 142 142 142 143 143 143 144 144 144 145 145 145 146 146 146 147 147 147 148 148 148 149 149 149 149 150 150 150 150 151 151 151 151 152 152 152 152 153 153 153 154 154 154 154 154 155 155 155 156 156 156 157 157 157 158 158 158 159 159 159 160 160 160 160 161 161 162 162 162 162 162 163 163 163 164 164
138 138 138 138 138 138 139 139 139 139 139 140 140 140 141 141 141 141 142 142 142 143 143 143 144 144 144 145 145 145 146 146 146 147 147 147 147 148 148 148 149 149 149 150 150 150 150 151 151 151 151 152 152 152 152 153 153 153 153 154 154 154 155 155 156 156 156 156 157 157 157 158 158 158 159 159 159 160 160 160 161 161 161 161 162 162 162 163 163 163 164 164 164 164
138 138 138 138 138 138 138 138 139 139 139 139 140 140 140 140 141 141 141 142 142 142 143 143 144 144 144 144 145 145 145 146 146 146 147 147 147 148 148 148 149 149 149 150 150 150 151 151 151 151 151 152 152 152 152 152 153 153 153 154 154 154 155 155 156 156 156 157 157 157 158 158 158 159 159 159 160 160 160 161 161 161 161 162 162 162 163 163 163 164 164 164 164 165
137 138 138 138 138 138 138 138 138 139 139 139 139 140 140 140 140 141 141 141 142 142 143 143 143 144 144 144 145 145 145 146 146 146 147 147 147 148 148 148 149 149 149 150 150 150 150 151 151 151 151 152 152 152 152 153 153 153 154 154 155 155 155 156 156 156 157 157 157 158 158 158 159 159 159 160 160 160 161 161 161 161 162 162 162 163 163 163 164 164 164 164 165 165
137 137 138 138 138 138 138 139 139 139 139 139 140 140 140 140 140 141 141 141 141 142 142 143 143 143 144 144 145 145 145 146 146 146 147 147 147 148 148 148 149 149 149 149 150 150 150 151 151 151 151 152 152 152 153 153 153 154 154 155 155 155 156 156 156 157 157 157 158 158 158 159 159 159 160 160 160 160 161 161 161 162 162 162 163 163 163 164 164 164 165 165 165 166
138 138 138 138 138 139 139 139 139 139 139 140 140 140 140 141 141 141 141 141 142 142 142 143 143 143 144 144 144 145 145 146 146 146 146 147 147 147 148 148 148 149 149 149 150 150 150 151 151 151 152 152 152 153 153 153 154 154 154 155 155 156 156 156 157 157 157 158 158 159 159 159 159 160 160 160 160 161 161 161 162 162 163 163 163 163 164 164 164 165 165 165 166 166
138 138 138 138 139 139 139 139 139 140 140 140 140 141 141 141 141 141 142 142 142 142 143 143 143 144 144 144 145 145 145 146 146 146 146 147 147 147 148 148 148 149 149 149 150 150 151 151 151 152 152 153 153 153 153 154 154 154 155 155 156 156 156 157 157 157 158 158 158 159 159 159 160 160 160 160 161 161 161 162 162 163 163 163 163 164 164 165 165 165 165 166 166 166
138 138 139 139 139 139 139 140 140 140 140 140 141 141 141 141 142 142 142 142 143 143 143 143 144 144 144 144 145 145 145 146 146 146 147 147 147 148 148 148 149 149 149 150 150 151 151 151 152 152 152 153 153 154 154 154 154 155 155 155 156 156 157 157 157 158 158 158 159 159 160 160 160 160 161 161 161 161 162 162 162 163 163 163 164 164 164 165 165 165 166 166 166 166
138 139 139 139 139 139 140 140 140 140 140 141 141 141 141 142 142 142 142 143 143 143 143 144 144 144 144 145 145 145 146 146 146 147 147 147 148 148 148 149 149 150 150 150 150 151 151 152 152 152 153 153 153 154 154 154 154 155 155 156 156 157 157 157 158 158 158 159 159 160 160 160 160 161 161 161 162 162 162 162 163 163 163 164 164 164 165 165 165 166 166 166 167 167
139 139 139 140 140 140 140 140 140 141 141 141 141 142 142 142 142 143 143 143 143 144 144 144 144 145 145 145 146 146 146 146 147 147 147 148 148 148 149 149 149 150 150 150 151 151 151 152 152 153 153 153 154 154 155 155 155 155 156 156 156 157 157 158 158 158 159 159 160 160 160 161 161 161 161 162 162 162 162 163 163 163 164 164 164 165 165 165 166 166 166 167 167 167
139 139 140 140 140 140 140 141 141 141 141 141 142 142 142 143 143 143 143 143 144 144 144 144 145 145 145 145 146 146 147 147 147 147 148 148 148 149 149 149 150 150 150 151 151 151 152 152 153 153 153 154 154 155 155 155 156 156 156 157 157 157 157 158 158 159 159 159 160 160 160 161 161 161 162 162 162 163 163 163 164 164 164 164 165 165 165 166 166 166 167 167 167 167
139 140 140 140 140 141 141 141 141 141 141 142 142 142 143 143 143 143 144 144 144 144 145 145 145 145 146 146 146 146 147 147 147 148 148 148 149 149 149 150 150 150 151 151 151 152 152 153 153 153 154 154 154 155 155 155 156 156 156 157 157 157 158 158 159 159 159 160 160 160 161 161 161 162 162 162 163 163 163 164 164 164 165 165 165 165 166 166 166 167 167 167 167 168
140 140 140 140 141 141 141 141 142 142 142 142 142 143 143 143 144 144 144 144 145 145 145 145 145 146 146 146 147 147 147 147 148 148 148 149 149 149 150 150 150 151 151 151 152 152 153 153 153 154 154 154 155 155 155 156 156 157 157 157 158 158 158 158 159 159 160 160 160 161 161 161 162 162 162 163 163 163 164 164 164 165 165 165 166 166 166 166 167 167 167 167 168 168
140 140 140 141 141 141 141 142 142 142 142 142 143 143 144 144 144 144 144 144 145 145 145 146 146 146 147 147 147 147 148 148 148 148 149 149 149 150 150 150 151 151 151 152 152 153 153 153 154 154 155 155 155 155 156 156 157 157 157 158 158 158 158 159 159 160 160 160 161 161 161 162 162 162 163 163 163 164 164 164 165 165 165 166 166 166 166 167 167 167 168 168 168 168
140 141 141 141 141 142 142 142 142 142 143 143 143 143 144 144 144 144 145 145 145 146 146 146 146 147 147 147 147 148 148 148 148 149 149 149 150 150 150 151 151 151 152 152 152 153 153 154 154 154 155 155 155 156 156 157 157 157 158 158 158 158 159 159 160 160 160 161 161 161 162 162 162 163 163 163 164 164 164 165 165 165 166 166 166 167 167 167 167 168 168 168 168 169
141 141 141 141 142 142 142 142 142 143 143 143 143 144 144 144 144 145 145 145 145 146 146 146 147 147 147 148 148 148 148 148 149 149 149 150 150 150 151 151 151 152 152 152 153 153 154 154 154 155 155 155 156 156 156 157 157 158 158 158 159 159 159 159 160 160 161 161 161 161 162 162 163 163 163 164 164 164 165 165 165 166 166 166 167 167 167 167 168 168 168 169 169 169
141 141 141 142 142 142 142 142 143 143 143 143 144 144 144 145 145 145 145 145 146 146 146 147 147 147 148 148 148 148 149 149 149 149 150 150 150 151 151 151 152 152 153 153 153 153 154 154 155 155 155 156 156 156 157 157 158 158 158 159 159 159 159 160 160 160 161 161 161 162 162 162 163 163 164 164 164 165 165 165 166 166 166 167 167 167 168 168 168 168 169 169 169 169
141 142 142 142 142 143 143 143 143 143 143 144 144 144 145 145 145 145 146 146 146 146 147 147 147 148 148 148 148 149 149 149 149 150 150 151 151 151 152 152 152 153 153 153 153 154 154 154 155 155 156 156 156 157 157 157 158 158 159 159 159 160 160 160 160 161 161 161 162 162 162 163 163 164 164 164 165 165 165 166 166 166 167 167 167 168 168 168 168 169 169 169 169 170
142 142 142 142 143 143 143 143 143 143 144 144 145 145 145 145 146 146 146 146 147 147 147 147 147 148 148 149 149 149 149 150 150 150 150 151 151 151 152 152 153 153 153 153 154 154 154 155 155 155 156 156 157 157 157 158 158 159 159 159 160 160 160 160 161 161 161 162 162 162 163 163 164 164 164 165 165 165 166 166 166 167 167 168 168 168 168 168 169 169 169 170 170 170
142 142 142 143 143 143 143 144 144 144 144 144 145 145 145 146 146 146 147 147 147 147 147 148 148 148 148 149 149 149 150 150 150 150 151 151 151 152 152 152 153 153 154 154 154 154 155 155 155 156 156 156 157 157 157 158 158 159 159 160 160 160 160 161 161 161 162 162 162 163 163 164 164 164 165 165 165 166 166 166 167 167 167 168 168 168 169 169 169 169 170 170 170 171
