R4Research-BCEENET2021/data/bio/bio_13.asc
NCOLS 1249 
NROWS 465 
XLLCORNER -86.9583333333333 
YLLCORNER 33.5416666666667 
CELLSIZE 0.00833333333333333 
NODATA_value -3.4e+38 
[rows 287 to 327 of 465, columns 376 to 469 of 1249]
169 168 167 167 167 168 168 168 168 169 169 169 170 171 171 172 172 172 172 174 174 175 176 179 184 188 190 196 203 207 203 200 193 201 208 210 210 206 204 205 208 209 203 205 209 204 200 201 198 189 185 182 180 179 182 189 185 188 195 201 206 206 207 209 206 198 195 193 194 191 192 192 191 190 192 192 194 198 194 191 198 199 195 190 194 191 192 191 194 200 204 198 197 196
167 167 167 167 167 168 168 170 168 169 171 170 172 173 172 178 173 174 173 174 178 178 177 178 180 183 188 194 201 206 203 195 190 198 203 206 209 207 207 207 209 209 202 194 201 197 192 195 198 191 189 181 179 180 181 188 190 186 190 199 204 205 206 209 209 200 192 189 188 188 190 191 188 188 188 192 195 192 190 189 192 197 194 190 189 187 191 191 191 195 200 198 194 195
168 169 168 168 168 168 169 169 169 172 175 173 180 177 173 177 177 180 175 176 177 180 184 186 182 183 188 196 204 204 197 194 188 192 198 204 209 208 208 209 211 208 201 192 189 192 187 192 191 191 189 184 180 180 187 191 188 191 199 203 207 206 205 208 211 206 199 195 188 187 187 189 188 187 189 189 190 190 187 188 196 199 198 194 193 187 187 189 191 193 193 196 194 195
168 168 168 168 168 168 169 169 169 172 178 175 175 177 177 181 183 186 180 182 177 179 184 193 190 191 195 200 201 200 195 189 186 193 203 206 210 204 205 206 209 203 197 192 184 185 185 190 193 190 188 185 181 180 186 183 183 191 198 202 204 205 207 207 208 199 194 193 194 188 186 187 187 187 189 187 188 186 187 191 196 196 200 200 195 191 185 185 194 195 192 194 193 193
167 167 167 168 168 168 168 169 170 174 174 172 171 172 174 181 188 188 189 185 183 184 190 194 202 198 196 197 195 196 192 188 185 193 197 202 207 199 197 199 204 204 195 189 187 184 185 190 191 188 186 183 181 181 182 181 185 194 197 200 198 202 208 204 200 194 191 189 191 188 189 186 184 187 187 185 186 185 187 193 192 195 196 191 194 192 184 185 194 194 190 192 192 190
168 168 167 168 168 168 169 169 169 170 170 171 171 174 177 182 190 196 197 196 196 194 197 199 197 194 189 194 190 194 191 187 184 194 192 199 203 197 192 197 201 203 197 189 186 186 183 183 184 184 184 184 182 180 181 183 186 190 198 202 200 204 208 205 198 194 192 186 185 187 185 185 183 185 183 185 185 184 187 194 193 190 189 188 185 184 187 190 191 194 195 193 186 185
168 167 168 168 169 168 169 169 169 169 171 172 172 175 181 192 197 189 192 195 195 192 190 195 188 188 185 193 190 189 193 188 183 188 189 194 199 193 192 194 192 197 194 189 190 189 184 187 184 184 183 182 182 181 181 182 185 196 200 208 207 211 212 211 205 197 191 188 186 184 183 183 182 181 187 187 186 187 192 192 193 190 187 190 183 184 188 193 194 194 193 185 178 181
171 174 175 171 169 169 169 169 169 171 175 182 176 178 183 195 196 183 182 185 188 183 186 185 183 183 184 192 190 188 187 186 184 187 191 196 196 190 191 188 187 195 200 197 197 198 193 196 193 188 184 182 181 181 182 186 190 197 200 202 204 210 213 212 208 206 193 195 191 189 188 185 183 178 185 184 185 185 190 189 186 186 187 187 182 188 189 191 193 193 188 175 170 172
180 183 179 173 170 169 169 169 171 175 180 185 179 183 184 188 188 181 177 182 184 183 179 178 179 180 184 191 191 190 186 186 183 188 192 191 189 189 187 185 186 190 194 196 195 199 201 194 189 184 182 182 182 182 184 189 192 194 198 201 207 209 206 205 201 200 195 195 190 190 188 185 180 177 179 181 184 184 183 180 182 185 190 184 181 183 189 188 188 188 186 177 169 168
183 181 173 170 170 169 171 169 170 174 174 175 176 176 177 185 185 179 176 178 186 180 178 179 183 186 188 191 191 191 192 190 185 186 189 186 186 187 184 181 186 188 189 195 191 196 193 190 188 182 183 182 182 183 184 191 197 197 199 201 203 204 198 193 199 194 192 191 190 189 188 183 183 181 177 175 176 177 178 183 183 181 187 181 181 181 184 185 185 179 174 170 168 166
173 179 173 170 173 171 171 170 170 170 170 172 174 175 175 181 181 177 176 178 180 177 176 181 183 188 195 195 192 187 191 187 185 182 185 189 184 184 182 180 183 184 185 188 192 187 184 183 182 183 183 184 183 186 192 197 205 204 201 202 198 190 192 191 191 195 187 187 185 186 186 184 183 184 180 174 174 175 178 185 178 181 187 177 178 180 183 184 184 173 164 165 165 161
177 177 173 175 174 173 171 170 172 171 170 172 174 173 175 177 175 175 176 175 176 176 178 178 181 184 192 192 188 186 189 191 183 180 182 183 182 183 181 181 183 180 183 185 189 184 183 183 183 185 191 191 183 187 189 193 196 203 199 194 194 190 185 185 186 190 185 183 184 184 183 181 180 180 182 183 176 174 179 178 174 176 177 176 178 181 182 182 175 167 163 162 161 160
186 183 178 179 176 176 178 176 176 173 171 171 172 172 172 173 175 176 177 180 183 183 179 182 183 184 188 191 189 186 186 185 186 184 179 181 181 182 180 182 180 183 188 193 192 190 191 188 188 187 189 188 184 184 186 188 193 199 196 188 186 186 188 184 182 183 185 181 181 179 178 179 179 183 186 180 175 176 173 174 179 177 181 182 179 185 183 179 169 163 162 160 160 159
192 192 186 185 183 181 181 174 172 171 173 174 173 172 174 175 175 175 179 181 183 185 186 191 187 188 193 190 187 187 188 186 182 181 178 181 181 182 180 182 183 188 193 191 191 193 193 193 194 195 193 188 183 188 194 194 195 200 197 194 187 184 184 187 184 179 181 181 177 176 177 178 176 182 182 176 174 174 174 180 181 181 185 184 180 184 183 177 167 163 161 159 160 161
184 193 193 190 185 176 174 172 172 176 178 176 172 173 178 183 184 181 179 183 186 187 189 191 187 185 189 189 185 184 185 186 183 180 179 182 181 179 181 183 187 189 190 189 190 192 193 196 201 199 194 186 185 188 194 189 187 191 190 192 192 186 181 182 180 177 175 175 176 176 175 176 179 184 177 174 174 177 185 183 182 184 180 179 177 178 176 171 164 162 161 160 159 159
184 192 198 190 179 175 174 172 174 178 182 177 173 174 176 182 191 189 187 183 189 195 197 196 187 182 185 188 184 182 182 182 180 178 178 180 179 179 184 184 188 189 189 189 191 197 197 195 195 190 185 183 183 184 190 190 185 185 184 184 184 183 180 176 177 178 180 181 177 177 175 173 177 180 175 173 175 177 181 179 177 181 180 177 175 175 173 169 164 162 161 160 159 159
183 195 198 191 183 176 173 174 178 184 181 177 173 178 180 179 184 193 195 193 191 197 196 195 191 183 182 183 185 186 182 178 179 178 178 180 179 181 184 190 187 188 188 190 191 188 188 187 184 182 182 182 183 183 188 188 186 182 181 180 180 180 178 176 179 181 184 183 180 181 175 172 174 173 173 176 179 183 177 175 176 177 176 175 175 175 174 173 164 162 161 160 158 158
192 200 198 190 186 180 183 180 184 184 180 177 173 180 187 189 189 192 197 200 201 197 192 191 193 187 182 180 183 185 181 179 181 180 178 181 184 183 187 189 186 186 188 187 186 183 183 181 181 181 181 181 182 183 184 186 186 185 184 184 181 180 180 180 181 177 176 177 177 178 173 173 173 174 175 181 180 178 176 175 176 175 175 175 174 174 176 175 167 164 161 159 158 158
197 203 201 196 190 189 186 177 178 176 175 175 173 176 183 186 184 186 189 193 199 195 194 192 190 191 183 178 182 181 181 181 180 180 178 182 183 183 186 188 185 182 184 185 185 185 184 185 184 182 181 182 183 189 188 185 187 181 182 187 187 189 185 182 181 181 179 175 173 174 173 175 176 179 180 179 178 175 175 174 175 175 173 173 173 175 176 175 170 166 164 159 160 159
192 201 199 194 190 187 181 177 179 182 177 176 174 176 176 179 180 183 187 192 194 192 190 189 188 187 187 181 178 178 178 180 177 177 177 183 182 181 182 182 182 185 184 184 186 189 185 181 182 181 181 182 182 182 177 180 181 177 179 187 190 183 180 178 176 178 179 177 175 172 174 175 176 180 179 175 175 175 173 173 174 172 172 174 175 174 175 175 172 161 160 159 160 159
192 197 193 187 185 182 183 187 189 186 180 176 174 178 181 182 187 186 191 196 195 194 193 193 192 185 183 181 179 176 177 178 177 180 179 180 179 183 189 191 187 183 182 181 180 183 182 180 181 181 181 182 185 183 176 175 177 176 176 178 184 185 179 176 174 175 175 175 173 174 173 173 173 175 175 174 173 174 174 173 172 172 173 174 174 173 173 171 168 164 160 159 158 159
188 191 186 187 188 182 183 188 192 191 183 177 177 177 181 183 190 190 196 198 194 193 192 190 188 187 183 177 177 178 177 176 177 177 178 180 181 190 195 192 184 183 184 184 183 181 181 181 180 180 181 183 183 181 177 174 174 175 174 176 178 176 179 178 175 173 171 171 171 175 177 174 175 173 173 174 174 174 173 172 172 173 174 174 173 174 171 167 163 161 160 158 159 158
182 181 182 189 187 184 181 182 183 182 181 179 178 179 179 182 186 187 192 195 193 190 188 188 186 184 182 179 178 176 178 177 176 180 186 183 182 184 186 188 185 184 184 184 184 182 180 182 180 181 181 179 177 175 176 175 175 174 173 173 175 175 176 180 178 176 170 173 175 177 180 176 177 174 173 173 174 173 171 172 171 173 173 173 173 174 173 165 160 160 160 160 160 158
176 178 182 191 191 188 185 182 181 182 179 178 180 183 185 186 187 188 188 195 197 191 189 188 186 184 183 181 176 177 176 177 176 180 184 182 180 181 183 185 186 186 186 183 183 184 182 180 180 181 180 179 182 183 180 181 177 174 173 174 174 172 174 177 174 172 171 174 175 176 178 179 178 176 176 173 172 170 171 172 172 172 172 173 173 174 172 166 162 163 161 161 160 159
178 181 187 192 192 195 192 191 189 186 180 183 183 188 185 189 193 191 189 192 197 191 190 187 185 185 182 181 179 178 179 177 176 180 181 180 179 181 182 184 187 184 184 183 182 182 183 180 181 183 186 184 183 179 176 176 175 175 171 173 173 172 169 170 168 169 170 172 173 175 176 177 178 176 175 174 169 170 173 173 173 174 173 174 174 172 170 167 165 161 160 159 158 158
186 189 189 185 187 194 193 195 197 187 184 189 185 190 195 194 197 195 194 195 195 193 189 186 185 183 182 180 177 180 180 178 176 177 178 179 180 180 182 184 186 186 186 185 183 180 179 179 180 182 184 185 183 182 180 179 177 173 171 172 172 170 167 169 172 174 175 175 176 175 176 178 176 175 173 170 170 172 173 174 174 175 174 174 171 169 162 163 163 162 159 158 158 157
190 196 190 184 181 185 186 192 197 192 192 195 190 191 198 198 201 202 198 194 191 190 187 186 184 184 183 175 179 180 179 177 176 177 179 179 180 182 184 186 188 188 189 189 187 184 179 176 179 180 181 183 182 179 178 178 175 173 170 170 171 169 168 170 172 174 175 175 176 175 178 175 174 173 170 169 171 172 173 174 174 174 173 171 166 163 161 160 161 160 159 158 157 157
190 194 189 185 179 181 188 190 192 187 192 196 193 191 194 197 198 202 195 189 186 186 183 184 183 181 176 174 178 177 177 176 178 178 178 177 179 183 186 185 188 185 183 182 181 179 178 176 176 176 178 179 181 178 176 178 175 172 170 169 168 167 170 171 174 174 175 174 174 175 175 174 173 169 168 170 172 173 173 174 173 173 170 167 164 161 159 159 159 159 159 158 157 157
188 189 187 184 180 178 183 185 185 181 187 184 186 191 191 193 194 194 190 187 183 178 176 175 177 176 174 175 176 176 177 179 181 179 179 180 177 181 183 184 188 190 188 184 183 182 179 178 177 177 179 179 179 177 176 175 173 170 168 168 166 168 168 170 172 174 173 172 174 175 174 172 170 166 170 172 172 172 171 171 171 169 165 165 161 160 159 159 158 158 158 157 157 157
188 185 182 182 181 177 181 183 178 177 178 184 191 187 186 190 192 184 181 183 190 182 177 173 173 174 173 176 175 175 179 183 184 183 181 179 177 181 183 187 192 192 192 188 184 185 181 180 178 175 175 176 177 176 175 174 173 173 171 171 166 170 170 171 172 172 172 173 174 174 173 169 167 170 170 172 170 169 168 169 170 168 165 161 161 160 159 158 157 158 157 157 156 157
185 182 181 179 177 175 177 178 174 174 182 186 187 184 186 188 189 179 175 179 180 178 175 175 172 173 172 174 174 178 181 184 185 181 181 180 177 177 180 187 189 186 185 183 180 180 177 176 176 177 177 175 181 182 178 174 172 171 170 169 165 171 173 174 174 173 173 173 173 171 168 166 169 167 166 169 165 167 169 172 172 171 168 162 159 159 158 158 158 157 157 156 156 156
186 182 179 178 175 173 174 177 173 177 183 187 187 181 183 189 186 184 174 172 171 171 172 175 173 171 171 173 174 176 178 181 185 185 185 185 184 179 177 182 180 179 179 177 176 178 176 179 179 182 178 174 177 181 176 174 172 171 169 167 164 169 172 173 172 173 174 172 172 168 167 167 165 165 164 163 163 162 166 171 168 168 165 162 159 158 157 158 157 157 158 157 157 156
184 182 179 176 173 172 172 174 174 176 184 186 183 177 183 185 179 174 172 170 170 170 173 176 174 171 171 173 174 174 176 180 187 190 189 189 187 180 177 177 176 176 178 177 178 176 178 181 180 178 175 175 181 181 174 172 171 171 168 164 166 169 170 172 173 173 172 169 167 169 170 170 168 168 163 159 159 162 163 171 163 161 160 160 158 157 158 158 156 156 157 156 156 155
189 185 182 180 176 174 171 173 172 175 183 181 174 177 181 176 171 170 170 169 169 169 174 177 174 172 171 172 175 173 174 178 183 186 189 187 183 180 179 179 181 179 177 177 181 184 181 184 183 177 173 176 177 175 172 169 168 167 163 166 172 172 172 173 172 171 169 166 167 170 168 169 166 163 162 161 159 159 167 167 160 159 159 159 157 157 157 157 156 155 156 156 154 154
187 185 186 183 181 176 170 170 171 173 174 173 172 175 176 172 170 170 170 169 168 172 173 174 172 171 171 171 173 172 174 174 175 181 186 186 185 184 184 186 185 183 183 180 182 185 182 180 180 178 175 172 170 173 173 168 161 161 165 170 170 172 173 172 169 166 165 169 168 168 168 166 162 161 160 160 160 159 161 161 160 158 158 157 157 156 156 156 156 155 156 155 154 154
186 185 181 180 181 178 172 169 168 170 173 172 171 174 171 170 169 170 170 168 168 170 171 172 172 170 171 172 171 171 173 176 178 178 177 178 180 182 183 188 189 188 186 182 179 179 179 179 178 180 179 176 173 168 167 168 159 166 171 170 170 172 170 167 163 167 168 168 165 166 163 164 165 164 160 159 160 157 158 158 159 157 158 157 157 155 156 155 155 154 155 155 153 154
182 181 180 177 180 179 177 173 170 169 171 169 169 170 170 171 171 169 168 168 167 169 172 172 170 169 169 171 172 171 176 174 177 176 174 173 175 176 179 182 184 186 186 183 177 175 174 176 176 175 175 174 173 171 166 160 160 169 169 168 170 167 164 163 166 168 170 169 162 159 161 163 162 161 160 158 159 157 157 158 158 156 156 157 157 156 156 155 154 154 154 154 153 154
188 184 181 177 175 179 177 173 169 167 167 169 170 169 170 170 169 168 170 167 167 167 167 168 167 168 170 173 173 171 171 172 175 175 173 172 172 174 174 177 177 176 177 177 178 175 173 173 174 174 172 172 173 171 168 166 160 166 167 170 166 159 164 163 164 168 170 166 161 157 158 161 161 161 159 158 157 157 156 157 156 156 156 157 156 156 156 155 154 153 154 154 153 153
185 182 179 175 174 176 173 170 169 169 168 167 168 168 170 170 168 167 166 166 166 166 167 167 169 168 171 174 177 175 172 170 171 173 174 171 171 172 174 175 172 176 175 172 172 174 174 172 172 172 171 172 171 169 169 167 160 159 168 164 159 159 168 167 166 168 167 166 163 160 156 157 159 160 157 158 157 156 155 155 155 156 156 157 156 155 155 155 155 154 153 153 153 153
183 181 178 174 171 170 169 170 169 171 169 168 167 167 169 167 167 166 166 165 168 170 168 168 171 170 172 176 177 172 170 170 170 171 172 170 170 171 175 172 171 173 175 173 171 172 172 172 171 170 169 169 169 168 168 165 159 157 160 157 156 160 168 169 168 166 160 164 159 158 157 155 156 158 157 157 157 157 156 155 154 155 155 156 155 154 154 154 154 154 154 153 153 152
182 180 179 176 175 171 169 168 167 169 169 169 168 166 166 168 167 166 165 168 171 172 169 168 170 170 173 176 175 173 172 170 169 169 170 169 170 171 173 171 171 172 171 173 171 171 171 171 170 169 167 168 168 167 166 168 162 157 156 155 159 164 164 164 166 162 162 158 157 157 157 158 156 156 156 155 156 156 156 155 154 154 154 155 156 155 154 154 153 153 152 152 153 152
