R4Research-BCEENET2021/data/bio/bio_17.asc
NCOLS 1249 
NROWS 465 
XLLCORNER -86.9583333333333 
YLLCORNER 33.5416666666667 
CELLSIZE 0.00833333333333333 
NODATA_value -3.4e+38 
[rows 246 to 286 of 465, columns 188 to 281 of 1249]
290 287 287 287 287 290 293 302 315 322 319 317 318 317 318 318 315 318 316 316 316 316 314 311 309 311 309 306 306 302 299 293 290 293 293 291 290 290 290 289 289 288 289 291 292 291 291 291 291 291 291 291 294 294 292 289 289 289 289 289 289 292 292 290 295 295 292 292 292 292 296 297 295 295 294 296 297 294 294 297 297 297 296 298 298 298 295 298 298 298 299 299 302 302
291 287 287 288 290 295 306 312 318 316 318 315 315 316 315 318 314 315 318 317 316 316 314 315 311 309 304 302 299 296 296 292 291 292 293 290 292 292 292 290 289 288 290 292 292 291 291 291 293 291 293 294 294 293 290 289 289 289 290 289 289 289 289 289 292 292 292 292 290 293 296 295 295 292 294 297 295 294 294 294 296 296 298 298 298 295 298 301 298 298 299 299 302 299
291 287 287 289 293 306 322 328 322 318 317 315 315 315 318 315 314 315 315 317 314 311 311 314 313 311 309 309 303 293 290 290 291 291 293 293 292 292 290 291 289 288 290 292 290 292 292 293 294 292 293 293 293 290 289 290 290 292 290 291 290 290 291 292 291 290 291 289 292 296 295 295 293 292 295 294 294 294 297 297 296 298 298 297 295 296 298 298 298 299 301 299 299 297
289 287 289 292 303 320 325 325 321 317 316 315 316 315 318 317 314 314 315 317 314 314 310 311 311 311 312 310 304 291 290 288 289 290 291 291 291 291 291 291 289 290 291 291 290 291 290 293 293 295 293 293 293 290 290 290 293 295 296 291 291 291 291 295 292 289 289 291 294 295 293 294 292 295 293 292 292 295 297 296 297 297 297 295 296 299 300 298 298 300 299 299 296 296
288 289 290 298 311 325 322 320 320 317 316 314 315 316 315 315 311 314 315 314 312 314 311 309 308 309 310 304 294 291 291 291 291 291 290 291 291 291 291 291 288 291 293 290 290 290 291 291 293 293 293 293 290 290 290 292 294 294 294 290 293 291 291 294 291 289 291 291 292 292 292 292 291 292 292 292 295 297 295 295 297 296 296 296 299 299 298 298 300 299 298 297 296 296
288 289 295 311 324 324 323 320 317 320 319 317 315 313 313 314 311 313 314 313 311 314 314 312 309 305 307 304 292 293 293 292 292 291 291 288 291 291 291 290 288 291 291 290 290 293 294 293 294 294 292 291 290 290 292 292 293 293 292 293 292 291 295 291 291 288 291 294 294 294 291 291 292 292 293 295 296 295 295 298 295 295 294 299 298 297 298 300 300 300 297 296 296 296
289 292 303 322 327 323 320 320 317 320 319 319 318 315 310 313 313 310 313 312 309 311 311 312 307 304 309 296 293 291 293 293 293 291 291 290 288 291 288 288 289 291 291 291 291 291 293 294 294 293 291 290 291 292 293 293 292 292 292 293 291 293 294 292 291 290 291 294 296 294 292 291 291 292 292 295 295 294 296 295 296 294 297 296 296 296 299 298 300 298 297 297 296 296
290 303 319 323 323 318 320 320 317 317 317 318 319 316 313 310 310 310 309 309 308 306 305 306 303 299 300 290 291 290 291 293 293 291 291 290 290 290 288 288 288 291 291 292 294 293 294 294 294 294 291 291 291 292 292 292 292 292 295 292 291 295 294 294 291 289 291 296 297 294 291 291 291 291 291 292 292 293 297 295 294 295 297 297 296 298 298 299 299 297 297 297 297 296
295 306 325 322 321 318 319 318 318 316 316 316 318 316 314 314 314 314 313 313 313 312 309 303 303 305 296 290 289 290 290 293 292 292 291 290 289 288 288 290 290 290 290 294 294 294 294 295 294 292 292 292 292 292 292 292 292 292 295 292 294 295 292 292 290 290 291 297 297 291 291 291 294 293 292 292 292 294 295 294 295 298 297 299 299 299 298 299 298 297 297 297 297 296
309 315 322 325 320 321 318 317 316 318 316 315 315 314 314 314 314 316 315 314 312 310 309 309 309 304 294 290 288 289 290 290 291 291 290 290 289 288 290 290 290 290 293 294 295 296 294 294 294 292 292 292 293 292 292 292 292 295 293 292 295 292 292 292 289 290 292 298 294 291 291 291 294 294 295 294 292 292 292 292 295 295 296 299 299 299 299 298 297 297 297 296 296 296
322 325 324 322 322 319 319 318 315 315 317 317 316 315 314 313 314 314 315 314 314 312 312 310 309 307 293 292 291 290 290 288 292 292 289 288 290 290 290 290 290 292 296 295 297 296 296 296 293 293 293 293 295 293 293 293 293 295 292 294 295 294 292 290 289 290 292 297 293 292 291 291 291 293 295 293 294 294 295 292 295 295 299 298 296 299 299 297 297 297 297 296 296 296
327 322 324 321 322 320 318 318 318 318 317 315 315 315 314 308 314 314 314 314 314 314 313 312 310 296 292 293 293 291 291 290 289 290 288 290 290 290 290 290 291 292 294 296 296 296 295 293 293 293 293 296 301 298 293 294 296 295 294 295 295 292 292 290 290 291 296 295 292 292 293 291 291 294 294 293 294 293 292 295 295 297 296 296 296 299 299 297 296 295 295 296 296 298
326 325 320 321 320 319 318 316 315 315 314 313 313 312 308 308 309 314 315 317 316 315 313 312 302 291 291 294 294 292 291 291 291 291 288 289 290 290 290 290 293 294 296 297 296 296 294 293 293 293 296 302 302 300 294 296 296 293 293 293 294 292 291 290 290 295 295 292 292 295 295 292 291 294 294 294 294 292 293 295 295 295 295 295 297 299 296 296 295 295 297 296 297 298
323 322 320 320 320 317 317 318 316 318 317 317 311 311 315 311 306 314 314 317 317 317 313 307 294 289 291 294 294 292 293 294 291 294 289 288 288 290 290 291 293 294 297 294 294 294 293 291 293 293 299 299 296 295 293 296 294 293 291 291 293 291 291 290 292 295 292 291 294 295 293 292 294 294 294 295 294 292 294 294 295 295 294 296 299 296 296 296 294 295 297 297 298 297
324 323 323 320 319 318 319 320 319 318 316 313 316 316 315 311 306 306 301 315 317 312 305 297 290 290 294 293 294 294 294 293 291 291 289 289 288 288 289 291 293 294 294 294 294 293 291 292 293 297 302 302 298 293 293 293 293 292 293 291 291 291 291 291 295 294 291 293 295 294 292 293 295 293 294 294 293 293 296 296 296 294 295 297 296 296 296 295 295 297 297 297 298 296
326 323 323 323 321 319 320 317 317 314 316 316 319 317 316 315 317 317 300 306 306 300 293 290 290 293 293 293 293 294 293 293 292 291 290 290 288 288 291 293 297 295 294 294 294 291 291 292 294 302 302 299 297 294 295 292 295 292 292 293 291 291 291 294 294 291 291 297 294 292 295 295 293 294 294 294 293 295 296 296 295 294 295 296 295 294 296 296 296 296 297 297 297 297
325 324 320 323 323 323 320 319 319 316 319 316 319 319 319 318 318 318 304 290 290 289 288 290 293 293 293 293 293 294 293 291 292 291 290 289 289 288 290 293 294 294 294 294 291 291 291 292 295 302 300 297 295 295 295 295 295 294 292 291 291 291 292 295 292 291 297 295 294 294 295 295 295 295 295 294 293 296 296 296 296 295 294 295 295 294 296 297 296 296 297 295 297 295
322 323 321 320 320 321 321 321 317 316 318 319 319 320 319 317 319 315 302 290 288 287 290 290 293 292 293 293 293 295 293 290 292 290 290 289 289 289 292 294 293 294 294 293 291 291 291 294 300 301 300 295 294 295 295 294 295 292 292 291 291 291 296 294 292 292 294 294 295 297 295 295 295 295 295 293 294 297 297 296 297 294 294 294 293 293 296 296 295 294 297 297 295 295
323 323 324 324 321 318 318 318 318 318 320 322 322 322 319 310 304 299 292 289 288 290 291 293 291 291 291 291 291 293 292 290 290 289 289 289 290 291 293 294 293 294 293 293 291 291 291 299 302 300 300 295 296 297 297 295 295 292 292 292 291 295 295 294 292 294 292 294 297 295 294 294 295 295 294 294 296 297 297 298 295 294 295 295 295 296 295 295 296 294 297 297 296 298
324 324 324 324 323 321 321 321 321 321 320 320 322 319 308 295 289 291 290 288 292 292 291 293 291 291 290 289 290 291 291 291 289 289 289 291 292 295 296 294 293 293 292 291 291 291 296 303 302 303 297 296 299 297 296 295 294 292 292 292 294 298 295 292 292 294 294 297 296 295 294 297 295 295 295 295 296 296 299 296 296 294 295 295 296 296 296 296 296 296 297 298 297 298
321 320 321 324 324 324 323 321 320 318 318 316 314 309 296 289 290 290 288 292 293 291 291 291 290 290 288 288 290 290 290 290 288 290 291 293 294 296 295 293 293 292 292 290 290 293 301 302 301 302 296 297 297 296 296 295 295 292 292 292 295 295 295 294 294 294 295 297 296 294 295 297 296 295 295 296 298 298 296 296 296 295 295 296 297 296 296 295 296 297 297 297 298 298
316 319 321 323 324 324 324 322 322 319 320 319 316 306 293 290 291 288 291 291 291 291 290 288 288 288 288 288 288 288 288 288 288 290 291 294 295 295 294 294 292 291 291 290 291 296 304 299 302 302 296 296 297 295 295 295 295 293 292 295 296 295 295 295 294 295 298 297 295 296 298 297 297 295 295 295 298 298 296 296 296 295 295 297 297 295 296 296 296 297 297 299 298 298
314 318 321 322 322 324 324 324 323 322 322 319 312 299 292 292 290 291 290 289 291 288 288 288 288 288 288 288 291 291 288 288 291 291 294 294 294 294 294 294 292 291 290 291 293 300 302 299 299 297 294 296 296 296 296 293 293 293 292 298 296 295 295 295 295 298 299 296 296 297 299 297 295 295 298 298 299 296 296 296 296 295 296 297 296 296 296 296 297 297 299 299 298 298
317 319 319 319 319 320 324 324 324 323 322 318 303 293 293 290 290 293 290 289 290 288 288 288 289 291 292 294 293 291 288 289 291 291 294 294 294 291 294 291 291 291 291 291 294 300 304 300 299 296 294 296 296 295 296 295 293 293 293 296 296 295 295 295 298 299 298 297 297 299 299 297 296 296 298 298 298 297 296 296 296 295 297 297 297 296 297 298 297 297 298 299 299 301
312 317 319 319 319 319 319 322 325 325 322 309 296 293 293 293 293 293 290 289 288 288 288 289 295 296 293 295 294 292 289 289 289 290 291 291 291 291 291 291 291 291 291 294 300 303 303 300 299 296 297 297 296 297 293 293 293 293 298 296 296 295 296 298 299 299 298 298 299 299 299 298 296 296 298 298 297 297 296 296 296 296 297 297 297 296 297 298 298 298 299 299 303 311
311 318 322 321 319 316 317 319 322 322 314 298 293 293 293 295 291 290 290 287 287 289 288 292 296 293 292 289 289 289 289 290 289 289 291 291 291 292 291 291 291 291 291 297 306 306 303 299 300 297 297 297 297 296 296 295 293 296 299 298 296 296 298 298 300 299 298 298 299 302 299 299 296 298 298 297 298 298 296 296 296 297 297 297 297 297 299 298 300 302 300 302 309 325
308 318 321 319 317 317 322 322 322 314 301 293 294 293 293 294 291 290 288 288 287 288 290 295 292 292 290 289 293 290 289 289 289 291 295 292 292 292 291 291 291 291 294 300 309 306 303 297 297 297 297 297 299 296 296 296 293 299 299 298 299 298 298 300 300 298 298 298 301 302 299 299 299 298 296 297 298 297 297 296 296 299 297 297 297 298 299 301 302 301 300 306 321 328
305 317 321 318 317 321 323 322 320 304 292 292 295 292 294 292 291 289 288 288 288 288 294 294 291 291 289 291 292 291 289 289 292 293 295 293 293 292 292 291 291 292 294 303 306 303 302 297 297 297 297 298 299 296 296 296 295 299 299 299 299 299 300 301 300 298 298 299 301 302 299 299 299 298 297 298 298 297 296 296 296 297 299 297 297 297 298 301 301 300 302 311 328 329
296 314 315 314 317 320 320 320 309 295 291 294 294 294 293 292 291 288 288 288 288 291 297 291 291 288 288 291 292 290 291 291 294 294 297 294 292 292 293 292 292 293 295 301 305 303 302 297 296 297 297 297 297 297 296 295 296 302 299 302 299 299 301 301 299 298 298 299 301 303 302 302 299 298 298 298 298 297 296 299 296 299 299 297 297 297 297 298 300 300 305 318 334 332
291 299 303 317 317 317 317 311 296 290 291 292 292 294 293 291 289 288 288 288 291 294 292 291 288 288 291 291 291 290 291 292 292 294 297 294 292 292 292 292 292 293 296 307 304 302 300 297 296 297 299 297 297 295 296 295 300 300 299 302 299 302 302 300 299 298 298 300 302 303 302 302 299 299 299 298 298 297 299 299 299 299 299 297 300 300 297 299 298 301 305 318 335 333
302 294 291 297 308 315 309 298 290 291 293 291 293 291 291 291 288 288 288 288 294 291 290 288 288 290 291 293 291 291 291 293 294 294 297 295 294 294 293 292 293 294 297 305 304 301 299 298 297 298 299 297 297 297 297 297 300 298 302 300 302 303 302 299 299 299 298 300 301 303 302 302 299 299 299 299 298 299 299 299 299 299 299 300 302 300 298 299 298 302 310 311 322 326
319 316 303 291 293 297 294 290 290 293 291 291 294 291 290 290 288 288 288 288 288 288 288 288 288 291 292 293 291 292 294 294 297 297 299 296 294 294 294 294 294 294 298 306 300 301 300 298 298 298 300 298 297 297 297 300 301 300 303 302 305 302 299 299 299 299 299 300 300 300 300 302 302 299 300 300 300 299 299 299 301 300 299 301 302 300 297 298 298 307 307 305 311 309
306 313 316 303 291 290 291 290 293 293 290 296 293 290 288 288 288 288 288 289 289 290 292 291 292 292 292 293 291 292 294 293 298 298 298 296 295 296 294 294 294 295 300 303 298 300 301 298 299 298 301 298 297 299 297 302 300 302 301 303 303 302 299 299 299 299 299 300 300 300 302 302 302 301 301 300 300 300 300 299 300 301 301 303 300 300 298 298 301 301 301 301 301 301
291 298 314 314 295 289 290 290 290 290 293 293 291 289 289 289 289 289 289 289 290 289 292 292 291 292 292 292 292 292 292 295 298 298 298 295 296 296 294 294 294 297 303 300 297 298 299 298 300 299 301 299 299 299 300 302 300 303 302 303 302 301 299 299 299 299 299 300 300 301 303 301 302 302 302 300 300 300 300 301 300 301 304 303 301 300 300 301 308 304 301 302 303 306
292 295 311 312 295 289 290 293 292 294 295 294 293 288 288 289 289 291 294 291 289 291 292 289 289 292 292 292 292 292 292 295 298 298 300 298 296 295 295 294 294 298 299 297 305 305 297 300 300 301 301 298 299 300 303 302 302 301 304 303 302 301 300 299 299 299 300 300 301 302 302 301 302 302 302 300 301 300 301 302 302 302 303 300 301 302 300 300 301 301 304 305 306 307
292 302 317 311 295 289 289 290 292 291 293 293 291 288 288 288 289 291 294 291 289 290 289 289 289 289 292 289 292 292 292 295 296 298 298 298 298 298 295 295 301 301 298 300 309 303 300 302 301 301 300 300 301 302 305 301 303 303 306 303 303 300 300 299 299 299 300 301 301 303 301 302 302 302 302 302 302 301 303 302 303 304 304 301 304 302 300 301 302 303 303 305 307 309
307 314 317 303 292 291 289 291 291 289 291 291 288 288 288 288 289 294 293 290 291 289 289 289 289 289 290 289 292 292 292 293 299 298 299 298 298 295 295 295 302 298 298 298 300 299 300 300 301 303 300 300 300 304 303 302 303 304 303 303 303 301 300 300 299 301 301 301 301 301 301 301 302 302 302 302 300 302 303 303 303 304 307 304 308 303 300 302 304 306 308 307 309 311
317 315 303 295 292 291 289 290 290 290 290 288 288 288 288 288 293 295 292 291 289 289 288 289 289 290 290 290 290 292 292 293 300 299 299 299 298 297 295 301 298 297 298 298 298 298 300 300 300 303 300 301 302 305 302 302 303 305 303 303 302 301 300 300 299 302 301 301 303 301 301 301 302 302 302 302 301 301 301 303 302 305 307 306 307 307 301 304 306 310 310 309 310 311
318 312 297 292 290 290 290 290 290 290 291 291 290 288 288 290 297 294 292 291 288 288 288 288 289 291 290 290 291 293 293 293 297 297 299 299 299 297 298 304 300 298 301 298 300 301 301 300 302 301 301 301 303 304 303 305 304 305 303 303 301 301 301 302 302 302 302 302 303 301 303 302 302 302 302 302 302 302 301 302 302 307 307 304 305 305 307 308 309 311 310 310 311 313
315 306 293 290 293 290 290 290 290 290 290 290 290 289 289 289 295 294 292 290 289 288 287 288 290 292 290 292 291 293 293 293 297 299 299 300 299 297 302 304 300 301 301 298 301 301 301 300 303 303 302 303 304 304 304 304 305 305 302 303 302 301 302 302 302 302 302 303 303 302 303 302 302 302 302 302 302 303 303 303 303 306 304 304 306 311 312 312 309 312 313 310 312 316
304 298 292 290 291 290 290 290 290 290 290 289 289 289 289 292 295 292 292 290 289 289 289 289 290 291 290 292 292 293 293 293 299 301 299 299 299 299 306 303 300 301 302 298 301 302 301 301 304 303 303 306 306 303 306 302 305 304 302 303 302 303 302 302 302 302 302 305 303 303 303 303 302 302 302 302 302 303 303 303 303 306 302 304 311 308 309 311 312 313 313 312 314 317
