R4Research-BCEENET2021/data/bio/bio_17.asc
NCOLS 1249 
NROWS 465 
XLLCORNER -86.9583333333333 
YLLCORNER 33.5416666666667 
CELLSIZE 0.00833333333333333 
NODATA_value -3.4e+38 
[rows 410 to 450 of 465, columns 0 to 93 of 1249]
286 287 289 289 287 287 286 289 290 289 284 280 281 283 282 283 281 281 278 281 282 283 279 279 279 279 281 288 292 285 289 296 287 290 296 293 291 288 286 283 282 279 276 277 276 275 274 274 274 276 277 276 276 275 276 275 277 278 280 283 283 276 277 279 277 275 276 276 278 278 278 280 284 283 277 277 275 275 275 278 281 278 273 271 271 270 270 269 271 270 270 267 266 265
285 288 288 289 288 287 287 288 288 287 281 280 280 281 280 279 278 278 278 282 280 280 279 278 280 281 284 289 290 285 288 294 294 290 291 289 285 284 282 282 278 276 276 275 275 274 274 274 274 276 276 276 276 275 275 278 279 280 283 287 283 277 279 276 276 277 278 278 277 281 281 283 283 279 276 276 276 276 278 283 282 272 270 270 270 271 272 271 268 267 266 265 264 265
286 287 288 288 289 287 287 287 288 283 281 279 280 280 279 277 277 276 279 280 278 278 278 280 281 285 288 286 288 285 286 294 291 290 287 285 284 282 280 278 278 275 275 274 273 273 274 277 277 275 274 275 275 276 278 278 282 284 287 282 281 279 276 276 277 278 278 279 282 281 281 281 279 276 276 276 277 281 284 286 274 273 270 271 269 274 270 271 278 281 284 273 265 265
287 287 287 288 288 287 287 287 283 280 280 278 278 279 277 275 275 276 276 276 276 276 278 280 283 288 289 287 286 290 287 290 289 286 283 283 281 279 276 276 275 274 274 274 275 276 275 276 275 275 274 275 276 279 281 281 279 280 280 280 280 277 278 277 277 278 279 283 283 283 282 282 279 278 278 279 281 284 286 277 273 275 271 271 271 270 278 285 285 285 284 269 264 264
287 287 286 287 286 284 287 287 280 278 280 279 277 278 277 275 276 276 276 276 276 279 283 283 288 289 292 291 288 290 286 286 286 283 282 281 278 276 276 274 274 274 276 276 276 277 277 275 275 274 275 276 277 280 281 283 279 280 280 280 277 277 279 279 277 281 283 282 282 283 283 281 279 278 281 282 285 287 280 273 276 280 276 272 272 281 285 284 284 284 275 265 264 263
287 287 284 280 284 285 285 281 278 278 278 278 275 278 277 275 275 275 275 276 280 287 284 287 287 284 286 292 289 289 286 285 284 281 279 277 277 275 274 274 274 276 276 275 276 276 276 274 274 274 277 278 280 284 286 283 283 283 280 279 278 278 278 279 281 284 281 281 282 281 280 279 278 279 282 284 285 279 274 273 276 276 272 276 284 284 284 282 284 277 266 264 263 263
286 286 285 278 284 284 279 278 278 277 277 274 275 275 275 275 275 277 276 279 286 283 287 287 285 285 285 289 286 286 285 282 280 278 275 275 275 274 274 274 275 275 275 276 276 276 276 274 275 278 278 282 284 289 284 282 283 281 279 279 279 281 281 283 284 283 281 281 282 280 279 279 279 281 284 285 281 274 275 272 272 272 279 286 284 284 283 283 276 267 267 263 263 262
283 284 282 277 278 280 277 277 276 275 276 274 274 275 278 276 275 278 282 284 282 286 288 285 285 288 288 285 285 285 283 281 278 276 275 276 276 273 274 275 275 275 275 276 275 274 274 276 278 281 280 283 287 283 281 280 278 280 279 281 281 282 283 284 283 283 282 282 282 281 279 281 281 284 287 289 284 274 273 274 277 283 286 285 285 284 282 272 266 265 263 262 262 262
281 280 278 276 275 276 277 275 275 275 276 275 274 276 278 278 276 278 282 282 283 282 283 281 283 285 285 285 282 282 280 277 276 276 276 276 277 276 277 275 275 275 275 274 273 274 275 278 278 281 283 279 279 283 279 278 278 281 280 280 281 285 284 283 283 283 283 282 281 281 280 282 284 285 287 290 284 278 282 286 288 286 285 282 274 276 268 267 265 263 263 262 262 262
277 276 278 278 275 275 275 275 275 275 276 277 275 276 278 280 281 280 280 282 283 284 280 284 285 284 284 282 281 278 276 276 276 276 275 276 276 277 277 277 275 275 274 273 274 276 280 280 282 286 283 279 282 280 279 281 281 281 278 282 284 283 283 284 283 282 283 281 281 281 281 283 285 287 288 285 276 283 290 289 288 288 288 281 267 266 269 267 264 264 263 262 262 261
274 277 278 281 275 274 275 275 277 276 277 276 275 276 280 280 280 283 280 283 283 280 281 285 284 284 281 279 277 277 275 275 275 276 276 276 276 276 276 278 277 275 274 274 276 280 280 282 286 282 282 282 279 281 282 281 278 279 283 284 283 282 282 284 283 282 281 281 280 281 283 285 286 287 286 281 275 276 284 289 288 288 278 269 265 267 266 264 264 264 262 262 262 261
274 274 277 278 274 275 275 275 277 277 277 276 279 283 281 281 280 283 282 280 282 284 286 284 282 280 277 277 279 279 277 276 275 275 275 276 276 276 277 276 277 275 274 276 278 280 283 285 280 282 282 279 280 281 281 279 281 283 283 282 283 283 283 282 282 281 280 280 281 284 284 286 288 289 287 284 275 268 271 278 278 273 269 268 266 264 264 264 264 263 263 262 262 261
274 277 278 275 274 278 278 275 275 278 279 282 282 282 286 290 286 281 281 284 283 285 284 282 279 277 277 277 277 277 275 275 275 275 275 275 275 275 276 277 277 274 276 278 280 284 284 279 282 282 282 282 280 278 279 284 284 283 283 282 282 283 283 282 281 280 280 282 284 284 284 285 287 289 286 278 270 267 267 269 270 272 269 268 265 264 264 263 263 263 263 263 261 261
275 277 276 276 274 276 276 278 279 281 282 286 282 282 291 288 288 286 283 285 283 283 280 278 278 277 275 275 278 278 275 275 275 275 275 276 277 277 277 277 277 277 280 279 279 276 279 283 280 285 285 282 278 280 284 284 284 283 282 282 282 284 281 281 280 281 283 283 283 283 285 286 288 289 281 271 270 270 270 270 270 268 267 266 264 264 264 263 263 263 263 262 262 263
275 275 274 274 272 274 276 280 282 283 284 286 284 281 284 286 286 285 283 281 281 279 278 278 278 278 278 274 275 275 275 274 275 275 277 277 276 276 277 277 277 279 282 286 280 279 281 281 281 282 281 278 279 284 283 283 282 282 281 281 282 282 281 281 281 281 281 283 283 285 288 289 288 281 272 270 269 270 269 269 268 266 266 265 264 264 263 264 264 264 264 263 263 264
272 272 272 272 275 276 279 281 283 283 287 287 284 287 284 284 284 284 283 279 277 276 277 277 278 278 278 275 274 274 278 278 278 275 275 275 276 276 277 277 278 282 286 284 282 279 277 283 284 279 277 281 283 283 283 281 282 283 281 282 282 282 280 281 281 281 283 284 286 289 290 285 275 271 271 270 270 270 269 266 267 267 266 265 265 265 264 264 264 264 264 267 270 273
272 272 275 275 279 282 283 283 283 284 290 289 285 284 284 282 282 280 278 277 274 277 277 277 277 278 278 274 276 278 278 279 279 277 276 277 277 277 277 278 281 285 286 283 282 278 281 280 277 277 281 285 284 283 283 281 283 281 279 281 282 280 280 283 284 284 286 286 289 290 282 274 271 271 273 269 269 268 268 267 267 266 266 266 265 265 264 264 264 267 270 272 269 267
275 275 276 279 282 283 283 283 283 287 288 286 284 283 283 280 278 277 277 276 274 276 276 277 277 277 276 274 276 276 276 276 276 277 279 278 276 276 276 280 282 285 285 285 280 280 278 276 277 282 284 285 282 283 281 281 279 279 281 281 282 283 284 285 285 287 289 289 287 279 274 274 275 272 269 268 268 268 268 266 266 266 266 266 265 265 265 266 268 272 268 266 266 264
274 276 280 282 284 283 284 285 286 286 286 283 283 282 280 277 277 277 275 275 274 277 277 277 275 276 275 274 276 277 279 279 279 279 277 276 276 276 279 281 285 284 287 282 284 282 276 280 280 280 282 282 279 282 280 281 281 284 284 284 286 286 286 286 287 289 289 289 282 274 274 274 272 270 268 268 268 268 268 267 266 266 266 266 265 265 267 271 271 267 266 266 264 264
276 278 282 283 284 284 284 285 285 283 283 283 280 278 276 276 276 277 277 276 275 275 276 277 275 275 275 275 275 276 276 276 276 275 275 275 276 277 281 284 283 287 284 283 283 278 280 284 283 282 282 281 281 280 282 284 284 284 286 286 286 287 287 289 289 289 289 279 274 273 274 270 270 269 269 268 268 267 267 267 267 266 265 265 265 267 271 269 266 266 266 264 264 265
279 282 283 284 284 284 284 284 284 282 281 279 276 276 274 275 276 278 278 277 276 274 275 274 275 275 276 278 275 275 275 275 275 275 275 275 277 280 282 283 283 286 286 283 279 280 285 285 285 281 281 281 282 281 284 287 287 288 289 289 289 290 290 290 291 288 277 272 271 273 273 270 269 269 269 269 268 268 267 267 267 267 267 268 268 269 269 266 266 266 266 266 267 266
280 280 283 284 284 284 284 283 281 280 278 277 276 274 274 275 275 278 278 278 276 274 275 274 275 275 277 278 278 278 277 276 276 277 275 275 277 281 284 281 286 283 286 280 280 287 285 284 284 285 283 281 283 283 287 287 289 290 289 290 290 291 291 291 284 275 271 271 271 272 270 269 269 269 269 269 267 267 267 267 267 268 269 268 268 268 266 266 266 266 266 265 265 265
283 283 283 284 284 284 283 281 278 277 277 274 274 274 274 274 275 277 276 275 274 275 274 275 275 276 275 276 276 276 276 277 277 278 276 276 278 281 282 282 283 283 282 282 288 288 286 285 285 285 285 285 286 287 290 287 286 283 279 280 285 287 287 281 275 272 272 274 272 270 270 269 269 269 269 268 268 267 267 268 268 268 268 268 267 267 268 268 267 265 265 267 271 274
283 283 283 283 283 280 280 277 277 274 274 273 277 277 274 275 275 277 275 275 275 274 274 277 274 275 276 276 276 276 276 276 277 277 277 277 280 283 279 284 282 282 281 287 291 287 287 287 286 286 286 286 286 283 281 277 276 276 277 277 276 274 274 274 273 274 276 274 272 271 271 270 270 269 268 268 268 268 267 268 268 268 267 267 268 268 269 267 266 268 273 275 271 267
283 281 281 280 280 278 276 276 276 277 277 274 277 274 274 277 276 274 274 275 274 274 274 276 274 276 277 276 276 276 276 276 276 276 276 278 281 282 281 282 282 279 282 291 291 288 287 288 287 286 286 284 279 278 279 279 279 279 281 281 278 277 274 274 278 277 273 272 271 271 271 270 270 270 270 270 270 269 269 268 268 268 268 271 268 267 267 269 273 275 271 267 265 265
281 281 280 278 276 275 275 275 276 279 278 275 277 274 274 274 274 274 274 275 276 275 277 275 275 275 276 277 277 278 276 276 276 276 276 279 281 279 284 281 281 281 288 293 291 287 287 287 284 282 280 280 280 280 282 282 278 279 280 280 281 278 279 279 277 273 273 272 271 271 271 271 271 272 273 273 270 269 269 270 271 271 268 267 267 268 271 272 269 267 267 266 268 271
280 278 276 274 273 275 274 275 278 275 277 274 275 275 274 274 273 274 274 275 275 275 276 276 275 275 275 276 278 279 279 279 276 277 278 281 281 281 281 281 281 281 293 293 290 288 287 284 283 283 282 283 282 282 282 279 278 279 278 277 277 276 276 274 273 273 273 272 271 271 271 271 277 280 277 272 270 272 272 271 269 268 269 271 272 270 267 266 268 272 272 272 271 270
277 275 274 271 273 273 278 275 274 274 275 275 275 275 275 273 273 275 275 275 275 276 275 275 275 275 275 278 278 278 278 278 277 277 277 281 279 281 280 280 286 282 290 294 291 289 286 281 281 285 285 287 283 284 281 280 280 278 276 276 279 280 279 276 274 273 272 272 271 271 271 275 277 276 272 272 272 272 269 269 269 271 270 270 270 270 272 272 272 272 271 270 270 269
274 274 274 273 272 271 274 273 275 275 274 274 275 275 275 274 274 275 275 275 275 275 275 275 275 275 275 275 276 277 277 277 278 277 279 281 281 282 280 282 290 284 282 291 290 286 283 284 284 285 285 288 285 285 282 281 280 277 277 276 276 277 282 280 276 274 274 272 271 271 274 273 272 272 272 273 272 269 270 274 272 270 269 273 274 273 272 271 269 269 269 270 269 269
274 274 274 273 271 272 271 272 274 275 275 275 275 278 278 275 272 274 275 275 275 275 275 275 275 276 276 276 275 275 276 277 278 280 280 282 284 282 281 284 290 286 282 286 284 283 284 285 285 285 288 290 290 285 283 279 277 277 283 283 280 276 276 277 280 278 276 272 272 271 271 272 272 273 272 271 271 272 274 271 269 269 273 273 273 271 271 271 271 270 269 267 267 268
273 274 273 273 271 273 274 274 275 273 274 275 276 278 278 276 274 273 274 275 274 274 274 274 275 276 276 276 277 276 276 276 276 277 282 282 283 280 282 283 289 284 282 285 286 284 284 285 284 286 292 294 287 284 283 277 279 283 285 285 283 281 279 275 275 277 275 273 273 273 272 274 273 272 271 271 272 273 271 271 273 273 273 272 271 271 271 270 268 267 267 268 267 268
272 271 271 271 271 272 273 274 276 274 273 274 274 276 276 279 276 274 273 274 274 275 274 274 274 274 274 276 276 276 276 277 276 277 280 281 280 280 282 285 287 285 287 288 290 284 284 284 284 293 290 286 283 281 280 279 283 284 282 281 281 279 281 279 277 275 274 273 273 273 273 273 273 272 275 275 272 271 271 275 275 272 272 273 272 269 268 268 267 267 267 270 268 266
272 270 272 272 272 273 275 275 275 274 273 274 276 277 276 277 276 278 275 272 274 274 276 276 274 274 275 275 276 276 276 279 279 277 283 285 281 281 285 289 285 285 287 289 289 287 285 287 287 289 289 286 284 282 279 282 285 282 280 278 278 278 279 280 277 275 273 273 273 273 275 274 273 274 275 272 271 275 277 276 273 272 274 272 270 268 268 268 270 270 270 270 266 266
272 272 275 273 276 275 276 276 276 276 275 273 276 276 276 279 279 276 275 273 276 278 275 276 275 275 275 276 276 277 275 276 279 279 284 281 281 282 282 284 285 290 291 290 287 287 286 287 289 289 290 286 284 281 281 282 282 279 278 277 278 278 278 276 276 276 273 273 273 276 274 273 274 277 274 271 276 278 276 272 272 273 272 271 269 268 267 268 269 270 270 269 269 268
272 274 275 275 276 277 276 278 279 277 275 275 278 278 278 279 279 279 276 276 275 276 278 276 278 275 275 276 278 279 276 277 281 281 281 279 280 281 281 283 285 290 288 286 286 285 287 287 289 291 286 285 283 281 282 282 280 277 277 280 280 280 279 279 279 276 276 273 276 276 274 274 278 274 272 274 279 276 272 272 272 272 271 268 268 267 267 268 270 269 267 268 266 265
275 276 277 277 277 277 277 277 277 277 278 276 275 275 275 277 278 278 279 277 275 279 280 279 277 277 275 275 277 278 278 279 279 280 279 279 281 281 284 288 287 286 286 286 283 286 286 288 290 288 284 284 281 282 281 281 278 277 279 278 278 279 279 279 279 276 276 278 276 275 274 278 274 273 274 277 274 273 271 273 272 271 269 268 267 267 267 269 271 267 265 265 265 265
276 274 275 276 274 276 276 276 276 277 278 277 275 277 278 278 278 280 278 277 275 278 278 278 278 279 276 276 277 278 283 281 278 278 280 280 280 281 282 286 286 285 285 286 283 286 287 288 288 284 284 281 281 281 283 280 277 278 277 278 280 280 280 279 279 279 278 277 275 275 277 277 273 275 278 275 274 271 271 273 271 269 269 268 267 267 267 269 267 267 267 265 265 264
273 273 274 274 276 275 277 277 277 277 277 277 277 277 280 280 278 280 280 278 275 277 277 278 279 278 276 277 279 283 283 280 278 279 281 283 280 282 284 284 284 285 288 286 284 284 287 288 285 283 281 280 281 283 281 278 277 279 277 279 278 279 280 279 279 279 276 275 275 277 278 275 274 277 277 273 273 273 270 269 269 269 269 269 269 267 270 267 267 266 265 266 267 266
273 273 273 274 275 276 277 277 278 279 279 277 277 279 278 279 279 278 277 276 278 276 278 281 279 278 278 280 283 283 280 278 280 280 280 283 282 282 283 282 285 288 288 285 284 284 286 284 282 282 280 280 283 284 280 277 277 277 280 278 277 278 279 279 278 276 275 275 277 278 276 274 277 279 277 273 272 273 270 269 269 269 268 268 267 267 266 267 266 266 266 266 265 267
274 275 276 276 278 278 278 278 278 278 278 278 278 279 279 279 279 280 279 276 279 279 279 276 279 279 280 283 282 282 279 280 280 281 281 281 283 285 282 282 287 290 286 282 282 283 287 283 280 280 280 280 283 283 280 277 277 278 278 277 277 278 279 279 278 275 275 277 280 277 275 276 280 277 275 272 273 272 269 269 268 268 268 268 266 266 266 266 268 267 267 266 265 264
274 277 277 278 278 278 278 275 276 277 276 277 278 278 276 279 279 279 279 276 279 279 279 276 278 279 281 279 281 279 280 282 281 281 281 283 285 285 285 285 290 287 283 281 281 283 284 282 283 279 279 282 282 280 276 277 277 278 277 276 276 279 280 278 276 275 278 280 278 276 280 280 280 278 275 273 275 272 270 270 270 270 268 268 268 268 266 266 266 266 266 265 266 266
