R4Research-BCEENET2021/data/bio/bio_13.asc
NCOLS 1249 
NROWS 465 
XLLCORNER -86.9583333333333 
YLLCORNER 33.5416666666667 
CELLSIZE 0.00833333333333333 
NODATA_value -3.4e+38 
[rows 164 to 204 of 465, columns 376 to 469 of 1249]
123 123 122 122 122 122 121 122 121 121 122 121 121 121 122 122 122 122 122 122 122 122 123 123 121 121 121 121 121 122 123 125 124 123 123 123 122 122 122 123 121 120 119 119 120 121 121 121 120 119 119 119 119 119 119 118 118 118 118 117 117 117 117 117 117 118 117 117 117 117 117 117 117 117 116 116 116 116 116 116 115 115 115 114 114 114 114 114 113 113 114 114 114 114
122 122 122 122 122 122 122 122 122 122 122 121 121 122 122 122 122 122 122 122 123 123 123 123 123 124 124 124 124 124 123 123 123 122 122 121 121 123 123 120 120 119 120 120 122 122 121 120 120 119 119 119 118 118 118 118 118 117 117 117 117 117 117 117 117 117 117 117 117 117 117 117 117 117 116 116 116 116 116 116 115 115 115 115 115 114 114 114 114 114 114 114 114 114
122 122 122 122 122 122 122 122 122 122 122 122 121 122 122 122 122 122 123 123 123 124 123 123 123 123 123 123 123 122 122 122 122 121 120 120 121 120 120 120 120 120 121 122 122 121 121 120 119 119 118 118 118 118 118 118 117 117 118 117 117 117 117 117 117 117 117 117 116 117 117 117 117 117 116 116 116 116 116 115 115 115 115 115 114 114 114 114 114 114 114 114 114 114
122 122 122 122 123 122 122 123 123 122 122 122 122 122 123 123 123 123 123 123 123 123 122 122 122 122 122 122 122 122 122 122 122 121 120 120 120 120 120 120 121 121 122 122 121 120 121 120 119 118 118 117 117 117 118 118 118 117 117 118 118 117 117 117 117 117 117 117 116 116 117 117 117 117 116 116 116 116 116 116 116 115 115 115 115 114 114 114 114 114 114 114 114 114
122 123 123 123 123 123 123 123 123 123 123 123 123 123 123 123 123 123 123 123 122 122 122 122 122 122 122 123 122 122 122 122 121 121 120 120 120 120 121 122 122 122 122 121 121 120 120 120 118 117 117 117 117 117 118 118 118 117 117 117 118 118 118 117 118 117 117 117 116 117 117 117 117 117 117 116 116 116 116 116 116 115 115 115 114 114 114 113 114 114 114 114 114 114
122 122 123 123 123 123 123 123 123 124 124 124 124 123 123 123 122 122 122 123 123 123 122 122 122 122 122 122 122 122 122 121 121 120 120 120 121 122 122 122 122 122 122 121 120 120 119 119 118 118 118 118 117 117 118 118 118 117 117 118 118 118 118 117 117 117 116 117 116 117 117 117 117 117 117 116 116 116 116 116 115 115 115 114 114 114 114 114 114 114 114 114 114 114
123 123 123 123 123 123 123 124 124 124 125 124 123 123 123 123 122 122 122 122 122 122 122 122 122 122 122 122 122 121 121 120 121 121 121 122 121 121 122 122 121 121 121 121 120 119 118 118 118 118 118 118 117 117 117 117 118 117 117 118 118 118 118 117 117 118 117 117 117 117 118 117 117 117 117 117 116 116 115 115 115 115 115 115 114 114 114 114 114 114 114 114 114 114
123 123 123 123 123 123 124 124 125 125 124 123 123 123 123 122 122 122 122 122 122 122 122 122 122 122 122 121 121 121 121 121 121 122 122 122 122 122 122 122 121 121 120 120 120 119 119 119 118 118 118 118 118 117 117 117 117 117 117 117 117 117 117 118 118 118 118 118 118 118 118 117 117 117 117 116 116 116 116 115 115 115 115 114 114 114 114 114 114 114 114 114 114 114
123 123 123 123 123 124 124 125 125 124 123 123 123 123 123 122 122 123 122 122 122 122 122 122 122 122 121 121 122 122 122 123 123 123 123 122 122 121 121 121 121 120 119 119 119 119 119 118 118 119 119 119 119 118 117 117 117 117 117 117 117 117 117 118 118 118 118 118 118 118 117 117 117 117 117 117 116 116 116 116 115 115 115 114 114 114 114 114 114 114 114 114 114 114
123 124 123 124 124 124 124 124 123 124 123 122 123 123 123 122 123 122 123 123 123 122 122 122 122 122 122 122 124 125 125 124 124 123 122 122 121 121 120 120 120 119 119 119 119 119 119 118 119 119 119 119 118 119 119 118 118 117 117 117 118 118 118 118 118 118 118 118 118 118 117 117 117 117 117 116 116 116 116 116 115 115 115 115 114 114 114 114 114 114 114 114 114 114
123 123 123 124 124 124 123 123 123 123 123 123 123 122 122 123 123 123 123 122 122 122 122 123 123 123 124 124 124 124 125 124 123 122 121 121 120 120 120 121 121 120 120 120 120 120 119 119 119 119 119 118 118 119 118 117 118 118 118 118 118 118 118 118 118 118 118 118 118 118 118 117 117 117 117 117 116 116 116 116 116 115 115 114 114 114 114 114 114 114 115 116 114 113
124 123 123 123 124 123 123 123 123 123 123 123 123 123 123 123 123 123 123 122 122 123 123 124 124 123 123 123 124 125 123 123 122 121 122 121 121 121 120 120 120 120 120 120 120 120 120 119 119 118 118 118 118 118 118 118 118 118 118 119 119 118 119 118 119 119 119 119 118 118 118 118 117 117 117 117 116 116 116 116 115 115 114 114 114 114 113 113 114 115 120 117 113 114
123 123 124 124 123 123 124 124 123 123 124 123 123 124 123 123 123 123 123 123 123 123 124 124 124 123 124 123 123 123 122 123 122 121 122 121 121 121 121 121 120 120 120 120 120 120 121 120 120 119 118 118 118 118 118 119 119 119 119 119 120 120 119 120 124 124 123 122 120 121 120 119 117 117 117 116 116 116 116 116 115 115 115 114 114 114 114 113 114 117 116 114 113 113
125 125 125 124 124 124 124 124 124 123 123 123 124 124 125 123 123 123 123 123 123 123 123 123 123 122 122 122 122 122 122 122 121 121 121 122 122 122 121 122 121 121 121 121 120 120 120 120 120 119 119 119 119 119 119 119 118 119 119 119 119 120 120 121 124 127 126 123 123 125 123 120 117 117 117 117 116 116 116 115 115 115 115 114 114 114 115 114 113 114 113 115 113 113
125 125 124 124 124 125 124 124 124 124 124 124 125 125 124 124 124 124 124 124 123 123 123 123 122 123 122 122 122 122 122 121 121 121 121 122 122 122 121 121 122 122 121 121 121 121 121 121 121 121 121 121 120 119 118 119 119 119 119 119 119 120 121 122 125 128 127 124 125 122 119 118 117 117 117 116 116 116 115 115 115 115 115 115 115 116 120 118 115 116 118 119 115 113
125 125 125 125 125 125 125 125 126 126 126 125 125 125 125 125 125 124 124 123 123 123 123 123 123 123 124 123 122 122 123 122 122 122 122 123 122 122 122 121 122 122 121 121 121 122 121 121 121 121 121 120 120 119 119 120 120 120 120 120 121 122 124 126 130 131 127 126 122 119 118 117 117 117 116 116 116 116 115 115 115 115 116 115 117 119 121 119 119 122 126 122 117 113
125 125 125 125 125 126 127 128 127 126 125 125 126 126 126 125 124 124 124 124 124 124 124 124 124 124 124 123 122 123 123 123 123 123 123 123 122 122 123 121 121 122 122 122 121 121 121 122 122 122 121 121 120 120 120 120 120 120 121 122 123 125 127 134 140 134 129 123 120 118 117 117 117 117 116 116 116 115 115 115 115 116 119 118 120 123 121 118 120 119 121 119 115 113
126 126 125 126 127 128 128 127 126 125 126 126 126 125 125 125 124 124 125 125 124 124 125 125 125 124 124 123 123 123 123 123 123 123 123 123 123 122 123 123 123 123 124 123 123 122 122 122 122 121 121 121 121 121 120 121 121 121 122 124 126 129 134 143 140 135 125 121 119 118 117 117 117 117 117 117 116 115 115 115 115 116 117 121 123 119 118 117 117 116 115 114 114 113
127 127 126 126 127 128 127 126 126 127 126 126 125 125 125 125 125 126 126 125 124 125 124 125 125 125 124 124 123 123 124 124 124 123 123 123 124 124 124 124 124 124 124 123 123 122 121 121 122 124 124 122 122 122 122 122 122 124 125 128 131 136 142 143 140 128 123 120 119 118 118 118 118 118 117 117 116 115 116 116 116 117 118 123 122 118 118 116 115 116 115 114 115 115
127 127 127 127 127 127 127 127 127 126 126 125 125 125 126 126 126 125 125 125 125 125 125 125 124 124 124 124 124 123 124 124 124 124 124 124 124 124 124 124 124 124 123 123 123 122 122 122 124 130 128 124 124 126 126 126 129 130 132 131 132 136 136 132 129 124 121 120 119 119 118 119 118 118 117 116 116 116 117 118 119 121 121 123 121 119 117 116 117 116 117 116 117 116
127 128 128 127 127 127 127 128 127 126 126 126 126 127 127 126 126 126 126 125 125 125 125 125 125 126 125 124 124 123 123 124 125 125 124 124 124 124 124 123 123 123 123 123 123 123 123 123 123 126 126 128 130 133 133 132 133 133 131 129 130 130 129 127 124 122 120 120 119 119 119 118 118 117 117 116 116 117 119 122 123 129 130 128 122 120 118 117 119 119 117 116 117 117
128 127 127 127 128 128 128 127 127 127 126 126 127 128 127 126 126 127 127 126 125 126 126 126 126 125 124 124 126 125 123 124 123 123 123 123 123 123 123 123 123 123 124 124 123 123 123 123 122 123 125 129 125 126 126 126 126 126 125 125 127 131 130 127 126 124 120 120 119 119 118 118 118 118 118 117 117 118 123 126 129 135 136 126 121 120 118 119 120 119 119 118 118 117
127 127 128 128 128 128 127 127 127 127 127 127 127 128 127 127 127 126 126 126 125 126 126 126 125 125 126 126 126 125 124 124 123 123 124 124 123 123 123 123 123 123 123 123 122 122 123 122 123 123 129 126 123 123 123 124 122 122 122 123 125 126 124 123 123 122 121 121 122 120 119 119 118 119 119 118 117 119 125 129 133 140 134 125 122 121 119 119 120 121 123 124 120 119
127 128 128 128 128 128 128 127 127 127 127 127 127 127 127 128 127 126 127 126 126 126 126 126 126 126 127 126 126 126 125 124 125 124 124 124 124 124 124 123 124 124 123 123 124 123 122 122 123 123 125 122 122 122 122 123 124 123 122 123 123 123 123 122 122 122 122 121 121 121 120 120 119 119 119 120 118 120 124 126 130 131 127 123 122 121 120 120 121 124 125 123 121 121
128 128 128 128 128 128 128 128 128 128 127 127 128 127 127 128 127 127 127 127 127 127 126 126 126 127 127 126 126 125 125 124 125 125 124 125 124 125 125 123 124 124 124 124 124 125 125 123 122 122 122 123 122 123 123 124 124 124 123 123 123 123 123 122 122 121 121 121 121 121 121 120 119 120 120 120 118 118 121 126 130 124 122 121 122 121 120 120 121 121 121 123 128 125
128 129 128 128 128 128 128 128 128 128 128 128 128 128 128 129 128 128 128 128 128 127 126 127 126 127 127 126 126 125 125 125 125 125 126 126 126 126 125 124 124 124 125 127 126 126 125 124 123 123 124 124 123 124 126 127 125 124 123 123 123 124 123 122 122 122 122 123 122 122 120 120 120 121 120 119 119 118 122 129 129 123 121 120 120 121 123 121 122 124 125 124 126 124
129 129 128 128 129 128 128 128 128 128 128 129 129 128 129 130 131 134 135 133 131 130 128 128 127 127 128 128 126 126 125 126 126 126 125 126 126 126 126 125 125 124 125 127 128 126 125 124 124 126 127 124 123 124 125 125 124 124 124 123 122 122 122 122 122 123 123 122 121 121 121 122 122 122 122 124 123 120 126 127 125 121 120 120 120 123 123 122 123 127 126 123 123 125
129 129 128 129 129 129 128 128 128 128 129 129 130 129 130 132 136 137 140 141 140 135 131 129 129 129 129 127 126 126 127 127 127 127 126 126 126 127 126 126 126 126 126 126 126 124 124 125 128 128 126 128 124 124 124 123 123 124 123 124 123 124 124 125 124 125 123 123 122 121 124 128 127 127 128 127 123 121 125 122 119 119 119 120 121 122 124 123 123 124 125 127 124 123
129 129 129 129 129 129 128 129 129 129 130 131 130 131 136 139 140 146 150 150 147 138 132 130 129 130 129 128 126 126 127 128 127 127 126 128 130 127 127 128 131 134 133 127 126 125 125 124 126 125 127 126 125 126 125 125 125 126 127 126 124 124 124 124 124 124 124 123 123 122 127 129 127 128 130 128 125 121 120 121 122 119 121 123 124 125 125 124 123 123 124 126 132 130
130 130 129 129 129 129 129 129 129 130 130 129 130 133 137 143 150 151 149 147 139 134 132 131 130 130 130 128 127 127 127 128 128 128 127 128 128 130 133 134 137 131 128 125 125 126 126 126 126 128 128 127 127 127 127 127 127 127 126 126 126 126 126 125 125 125 125 125 124 123 124 124 123 124 125 123 122 122 123 124 123 123 121 122 123 129 130 126 126 126 127 128 135 138
130 129 129 129 129 129 130 130 130 130 130 131 134 137 144 150 150 149 146 141 137 133 131 130 129 129 129 128 127 128 127 127 128 128 128 128 132 135 135 136 131 128 127 126 127 128 128 126 126 126 128 129 130 132 131 130 131 130 129 129 128 129 127 126 126 125 126 126 125 125 123 124 125 124 124 124 123 124 124 125 126 125 124 121 121 122 125 127 130 134 136 138 143 143
130 130 129 130 130 130 130 130 130 130 131 135 139 145 147 146 145 141 140 138 134 132 130 128 129 130 131 136 133 129 128 127 127 128 128 128 129 129 129 129 129 128 129 128 128 129 130 129 128 127 127 132 135 137 138 137 137 137 135 134 133 130 127 127 127 127 127 128 126 126 125 125 126 125 125 125 126 127 129 131 129 127 125 124 123 121 123 125 132 139 145 148 152 152
130 130 130 131 131 131 131 132 134 135 136 141 146 146 145 142 140 138 136 134 131 130 130 130 131 132 132 135 137 133 131 129 128 127 128 129 130 130 129 131 130 129 129 129 129 130 132 131 131 131 127 130 132 135 136 136 136 134 133 131 130 129 128 127 128 129 129 128 127 127 127 127 126 126 126 127 129 132 134 137 143 136 130 126 125 123 122 124 128 130 135 140 149 147
131 131 131 132 133 137 139 141 145 146 145 147 144 144 143 141 138 137 134 132 131 132 134 134 133 136 134 134 134 133 136 133 130 129 130 130 131 131 132 132 132 130 132 133 132 131 132 133 133 132 128 130 132 132 133 132 131 131 130 130 130 130 130 130 129 130 129 129 130 129 130 135 130 127 128 129 133 138 143 149 149 139 133 133 131 125 123 123 122 125 133 136 143 138
132 132 133 136 143 148 149 150 151 150 144 144 140 139 139 140 139 135 132 132 133 136 136 137 135 138 135 136 136 136 132 131 134 133 132 131 130 132 133 135 134 134 135 134 134 133 133 134 134 131 129 129 129 129 129 129 129 129 129 129 129 130 130 131 133 132 132 134 135 137 135 137 132 130 131 133 138 150 157 166 157 148 140 133 130 125 123 124 125 123 125 130 132 131
132 134 140 144 145 145 144 144 144 142 141 139 138 139 135 134 134 136 137 137 136 139 143 140 138 139 137 136 137 135 133 133 134 133 135 134 131 135 136 137 139 141 140 136 135 134 133 134 131 128 128 128 128 128 129 129 130 130 131 133 134 132 134 135 135 135 136 140 141 143 146 141 135 133 132 138 145 150 163 168 159 150 143 138 131 126 125 127 125 127 123 125 124 124
134 143 144 138 135 134 135 136 137 138 138 139 140 138 136 140 145 147 141 139 142 144 143 137 137 139 144 144 138 136 134 134 134 136 138 136 132 135 138 142 145 143 139 136 135 135 133 133 130 129 130 129 130 130 129 130 133 134 135 136 138 137 144 141 140 140 145 150 151 152 159 154 143 140 140 142 157 164 169 160 153 149 146 138 129 127 129 130 126 127 128 129 131 132
134 141 136 133 133 136 139 137 137 137 139 142 145 140 138 142 144 148 145 140 143 142 138 136 136 137 139 149 150 142 137 138 142 147 140 135 131 134 139 141 138 138 137 136 136 135 134 132 131 130 132 131 131 132 132 134 136 139 142 146 144 145 151 152 152 147 155 164 168 170 171 163 154 158 155 152 158 163 159 155 143 138 136 132 134 135 138 136 129 130 129 133 140 134
136 133 133 134 139 141 140 139 140 140 140 141 142 144 142 140 141 144 144 142 144 139 137 137 138 138 140 149 152 144 147 151 152 143 141 141 135 135 139 136 135 136 135 135 136 135 136 135 136 133 131 133 134 135 137 141 144 146 149 154 154 156 164 167 161 160 159 166 174 181 181 175 170 168 164 168 172 167 155 144 143 149 143 145 147 151 151 147 135 134 133 142 145 134
134 134 136 139 142 142 142 142 139 138 145 143 145 145 145 142 142 145 143 143 142 138 137 138 140 141 143 151 153 153 153 153 147 148 148 144 140 134 134 135 137 138 140 143 141 140 140 142 143 136 135 132 133 135 137 143 156 163 166 168 166 166 173 176 169 172 171 177 185 185 181 175 169 167 163 167 160 163 153 145 155 160 157 154 160 164 159 147 140 138 138 147 142 131
134 135 138 140 142 141 141 138 140 142 145 146 147 149 150 149 146 144 141 139 138 138 139 140 148 149 153 153 153 152 153 153 154 153 146 141 136 133 137 139 144 145 147 149 146 147 145 146 143 141 139 136 134 134 137 142 151 156 156 158 155 158 169 178 183 184 184 187 191 184 175 170 166 163 161 160 155 153 151 147 159 166 168 166 173 173 160 149 145 147 142 143 136 133
