R4Research-BCEENET2021/data/bio/bio_16.asc
NCOLS 1249 
NROWS 465 
XLLCORNER -86.9583333333333 
YLLCORNER 33.5416666666667 
CELLSIZE 0.00833333333333333 
NODATA_value -3.4e+38 
[rows 164 to 204 of 465, columns 1128 to 1221 of 1249]
342 342 342 342 342 343 343 345 345 346 346 346 346 347 349 349 349 349 351 351 352 352 353 353 355 356 356 356 356 357 358 358 358 359 359 359 360 361 361 362 362 362 362 364 364 364 366 366 367 368 368 368 368 369 370 370 371 371 371 371 372 374 374 374 375 375 375 376 375 376 377 377 377 377 378 378 379 379 380 381 381 381 382 382 382 383 383 383 383 383 384 384 386 386
342 343 343 343 343 343 345 345 345 346 346 347 347 347 348 349 349 349 351 352 352 352 353 354 355 356 356 356 357 358 358 359 359 359 359 359 361 361 361 362 362 363 364 364 364 365 365 367 367 368 368 368 369 370 370 370 371 371 371 372 374 374 374 375 375 375 376 376 377 377 377 377 377 378 378 380 380 380 381 381 381 382 382 383 383 383 383 383 383 383 385 386 386 386
343 343 343 343 344 346 346 346 346 345 347 347 347 347 348 349 349 350 351 352 352 353 354 354 355 355 356 357 358 358 358 359 360 360 361 361 361 361 361 362 363 363 364 364 364 365 367 367 368 368 368 368 370 370 370 371 371 371 371 373 374 374 374 375 375 376 376 377 377 377 377 377 377 378 380 380 380 381 381 382 382 382 383 383 383 383 384 384 384 386 385 386 386 386
343 344 344 345 345 346 346 346 347 347 348 348 348 348 348 349 350 350 351 351 353 354 354 354 355 356 357 357 358 358 358 360 360 360 361 361 361 361 363 363 363 364 364 364 364 367 367 367 368 368 369 370 370 370 370 371 371 371 374 373 374 374 375 375 375 376 377 377 377 377 377 378 378 379 380 380 381 381 381 382 382 383 383 383 383 383 384 384 386 386 386 386 386 386
344 344 345 345 345 346 348 347 347 347 348 348 348 348 350 350 350 351 352 352 353 354 354 354 356 356 357 358 358 359 359 360 360 361 361 362 362 363 363 363 363 364 364 365 367 367 367 368 368 369 369 370 370 370 371 371 371 372 374 374 374 374 375 375 376 377 377 377 377 377 379 379 379 379 380 381 381 381 382 382 383 383 383 384 384 385 385 386 386 386 386 386 386 386
345 346 346 346 346 348 348 348 348 348 349 349 349 349 350 350 350 352 352 352 352 354 355 355 356 356 356 357 359 359 360 360 360 361 362 362 364 364 363 363 364 364 365 367 367 367 367 368 369 369 370 370 370 371 371 372 373 373 374 374 374 375 375 376 376 377 377 377 377 378 379 380 380 379 381 381 381 381 382 383 383 383 383 384 384 386 386 386 386 386 386 386 386 387
346 346 346 346 346 347 348 348 348 348 350 350 350 350 351 352 352 353 352 352 354 355 355 356 356 356 357 358 359 359 360 360 361 362 362 362 364 365 365 363 365 366 366 367 367 367 368 369 369 370 370 370 370 371 372 373 374 374 374 374 375 376 376 376 377 377 377 377 378 379 379 380 380 381 381 381 381 382 383 383 383 384 383 384 384 386 386 386 386 386 387 387 388 388
347 347 347 348 348 348 349 349 350 350 351 351 350 352 352 352 352 353 353 354 354 355 355 356 357 357 358 359 359 360 361 361 362 362 362 364 365 365 366 366 365 366 367 367 367 368 369 369 369 370 370 370 372 372 372 374 374 374 374 376 376 376 376 377 377 377 377 378 379 379 380 380 381 381 381 381 382 383 383 383 384 384 384 386 386 386 386 386 386 387 388 388 388 388
347 347 348 348 348 348 349 350 350 350 351 351 352 353 353 353 353 354 354 354 355 355 356 357 357 357 358 358 359 361 361 361 362 362 363 365 365 365 366 366 366 366 367 368 368 369 369 369 369 370 370 372 372 372 372 374 374 374 376 376 376 376 377 377 377 377 378 379 379 380 380 381 381 381 381 382 383 383 383 383 384 385 386 386 386 386 386 387 388 388 388 389 389 388
349 349 349 349 349 349 351 351 351 351 352 352 352 353 353 354 355 355 354 355 356 356 357 357 357 357 359 360 360 361 361 361 362 363 363 365 365 365 366 367 368 368 368 368 369 369 369 369 370 370 371 372 372 372 373 374 375 375 376 376 376 376 377 377 377 379 379 379 380 381 381 381 381 382 382 383 383 383 383 384 386 386 386 386 386 386 387 387 388 389 389 389 390 390
349 349 349 349 350 350 351 351 351 352 353 353 353 354 354 354 355 355 355 357 356 356 357 357 358 359 359 360 361 361 362 363 363 363 364 365 365 367 367 367 368 368 368 368 369 369 370 371 371 371 372 372 372 372 373 374 375 376 376 376 376 377 377 377 378 379 379 379 380 381 381 382 382 383 383 383 383 383 384 386 386 386 386 386 387 387 388 388 388 389 389 390 390 390
350 350 351 351 351 351 352 352 353 353 353 353 353 355 355 355 355 356 356 357 357 356 358 358 358 359 359 360 362 362 362 363 363 363 364 364 366 367 367 368 368 368 368 369 369 370 371 371 371 371 372 372 372 374 374 375 375 376 376 376 377 377 377 378 379 379 379 380 381 382 382 382 383 383 383 383 383 383 385 386 386 386 386 387 387 388 388 389 390 390 390 390 390 391
350 352 352 352 352 351 353 353 353 354 354 355 355 355 355 357 357 357 357 357 358 359 359 358 359 359 361 362 362 362 363 363 363 365 365 365 367 367 367 369 369 369 370 370 370 370 371 371 371 372 372 374 374 375 375 375 376 376 376 377 377 378 378 379 379 379 379 381 381 382 382 383 383 383 383 383 383 385 386 386 386 386 387 387 388 388 389 390 390 390 390 391 391 391
352 352 352 352 352 353 354 354 354 355 355 355 356 356 357 357 357 357 358 358 358 359 359 358 360 360 361 362 362 363 364 364 365 365 365 366 367 367 369 369 369 370 370 370 370 371 371 371 372 373 374 375 375 375 375 376 376 376 377 378 378 378 379 379 379 379 380 381 382 382 383 383 383 383 383 385 386 386 386 386 387 387 387 388 388 388 390 390 390 390 391 391 392 392
353 353 353 354 354 355 355 354 355 356 356 356 356 357 357 358 358 359 359 359 359 359 360 361 361 360 362 362 363 364 364 364 365 365 366 367 368 368 369 369 369 370 370 370 371 372 373 374 374 374 374 375 375 375 376 376 376 378 378 378 378 379 379 379 379 380 382 382 382 383 383 383 383 383 385 386 386 386 386 387 387 388 388 388 388 390 390 390 391 391 391 392 392 392
354 354 354 354 354 355 355 356 356 356 356 357 358 357 357 359 359 359 359 359 361 361 360 361 361 363 363 363 364 364 364 365 367 367 368 368 368 369 369 369 370 370 371 372 372 372 374 374 374 374 375 376 377 377 377 377 378 378 378 378 379 379 379 379 380 382 382 382 383 383 383 383 385 385 386 386 386 387 387 388 388 388 388 390 390 390 390 390 391 392 392 392 392 393
355 355 355 355 355 357 357 356 357 358 358 358 358 358 359 359 359 360 360 361 361 361 361 361 362 363 363 363 364 365 365 366 367 367 368 368 369 369 370 370 371 371 371 372 372 373 374 374 374 375 375 376 377 377 377 377 378 378 378 378 379 379 379 381 382 382 383 383 383 383 383 385 385 386 386 386 387 387 388 388 388 389 389 390 390 391 391 392 392 392 392 393 393 393
355 356 356 357 357 357 357 357 359 358 358 359 359 359 360 360 361 361 361 361 361 362 363 362 362 363 363 364 365 365 366 367 367 368 369 370 370 370 371 371 372 372 373 373 373 375 375 375 376 376 376 377 377 377 377 378 378 378 379 379 379 379 380 381 381 382 383 383 383 384 385 385 385 386 386 387 387 388 388 388 390 390 390 390 391 392 392 392 392 392 392 393 395 395
356 357 357 357 357 358 359 358 359 359 359 360 360 360 360 361 362 361 362 361 362 363 363 362 363 364 364 365 365 366 367 368 369 369 369 370 370 370 372 372 372 374 374 374 375 375 375 376 376 376 376 377 377 377 378 378 378 379 379 379 380 381 381 381 382 383 383 383 384 385 385 385 386 387 387 388 388 388 388 389 390 390 390 391 392 392 392 392 393 393 395 395 395 395
357 358 358 358 359 359 359 360 359 360 361 360 360 360 361 361 362 362 363 363 362 363 363 365 364 364 365 365 365 367 368 369 369 369 370 370 370 372 372 373 374 374 374 375 375 375 376 376 376 377 377 377 377 379 379 379 380 380 380 380 381 381 381 382 383 383 383 384 385 385 385 385 387 387 388 388 388 389 389 390 390 391 392 392 392 392 392 393 394 395 395 395 395 395
359 359 358 358 360 360 359 361 361 361 361 360 362 362 361 362 363 364 363 363 364 364 364 365 364 364 365 366 367 367 368 369 369 369 371 371 372 373 373 374 374 374 375 375 375 377 377 377 378 378 378 378 379 379 380 380 380 380 380 381 381 381 381 383 383 383 384 385 385 385 385 387 388 388 388 388 389 389 390 390 391 392 392 392 392 392 392 395 395 395 395 395 395 396
360 360 360 360 360 360 361 361 361 361 362 362 362 362 364 363 363 364 363 364 365 365 365 365 366 366 366 366 367 369 370 370 370 371 371 371 373 373 373 374 374 375 376 376 377 377 377 378 378 378 378 379 379 381 381 381 381 382 381 381 381 381 382 382 383 384 385 385 385 386 386 388 388 388 389 389 389 389 391 392 392 392 392 392 393 395 395 395 395 395 396 396 396 397
360 360 360 360 361 362 362 361 363 362 362 363 362 363 364 363 364 365 364 365 365 366 366 366 367 367 366 368 369 370 370 370 371 371 371 373 373 374 375 375 375 376 376 376 377 377 378 378 378 378 379 379 380 382 382 382 383 383 383 383 384 382 383 384 385 385 385 385 386 387 388 388 388 389 389 389 390 392 392 392 392 392 393 395 395 395 395 395 395 396 396 397 397 398
361 360 360 362 362 362 362 363 363 363 363 364 363 364 364 364 365 365 365 366 366 367 366 366 367 368 368 369 370 370 370 370 372 373 374 374 374 375 375 375 376 376 376 377 377 378 380 380 380 381 381 381 382 382 382 383 383 383 383 384 384 384 384 385 385 385 385 386 387 388 388 389 389 389 389 390 392 392 392 392 392 394 395 395 395 395 395 396 396 397 397 397 398 398
362 362 362 362 362 364 364 363 363 365 364 364 365 364 365 366 365 365 367 366 367 367 366 368 368 369 369 369 371 371 371 372 372 374 374 374 375 375 375 376 376 377 378 378 378 380 380 380 381 381 381 382 382 382 383 383 383 384 384 384 384 384 385 385 385 385 387 387 388 388 389 389 389 390 391 392 392 392 392 394 394 395 395 395 395 396 396 397 398 398 398 399 399 399
362 362 362 364 364 364 363 363 365 365 364 365 366 365 366 366 366 367 367 367 367 368 369 368 368 370 370 371 371 371 372 372 373 374 374 375 376 376 377 377 377 378 378 378 380 380 380 381 381 381 382 382 383 384 384 384 385 385 385 385 385 385 385 386 386 387 387 388 389 389 390 390 390 392 392 392 392 392 394 394 395 395 395 396 396 397 398 398 399 399 399 399 399 400
363 362 364 364 364 364 364 365 365 365 366 366 366 366 367 367 367 367 368 368 368 369 369 369 370 370 370 371 371 372 373 374 375 375 375 376 376 377 377 377 379 379 379 379 380 381 382 382 382 383 383 383 384 384 384 385 385 385 386 386 386 386 386 387 387 388 388 389 389 390 390 391 392 392 392 392 394 394 394 395 395 396 396 397 397 398 399 399 399 400 400 400 400 402
363 364 364 364 366 366 365 365 366 367 366 366 368 367 367 368 368 368 369 368 368 370 370 370 370 370 371 372 373 373 374 375 375 375 376 376 376 379 379 380 380 380 380 381 381 382 382 382 383 383 383 384 384 384 385 386 386 386 387 386 386 386 387 388 389 389 390 390 390 390 391 391 392 393 394 394 394 394 395 396 396 397 397 397 399 399 399 400 400 400 401 401 402 402
364 364 364 366 366 365 365 366 367 367 367 368 368 367 368 369 368 369 369 369 370 370 370 370 371 372 372 372 374 374 374 375 376 377 377 377 378 379 380 380 380 380 381 381 382 382 382 383 384 384 385 386 386 387 387 387 388 388 388 388 387 387 389 389 390 390 390 390 392 391 392 393 393 394 394 394 395 396 397 397 397 397 399 399 399 400 400 400 401 402 402 402 402 403
365 365 366 366 365 366 367 367 367 367 368 368 368 369 369 369 369 370 370 371 370 371 372 371 372 372 372 374 375 375 376 376 377 377 378 378 379 379 380 380 380 381 381 382 383 383 384 384 385 386 386 386 387 387 387 388 388 388 388 389 389 389 389 390 390 390 393 393 393 393 393 394 394 394 394 396 397 397 397 397 398 399 400 400 400 401 401 402 402 402 402 403 404 404
366 366 366 368 367 367 367 368 369 368 368 369 370 369 369 371 370 370 371 371 371 372 372 371 372 373 374 375 375 376 376 377 377 379 380 380 380 381 381 381 382 382 382 383 383 384 385 385 386 386 386 387 387 387 388 388 388 389 389 389 389 390 390 390 390 392 393 393 393 394 394 394 394 394 397 397 397 397 398 398 399 400 400 400 401 402 402 403 403 403 404 404 404 404
367 367 367 367 367 367 368 369 368 369 369 370 369 370 371 371 370 372 372 371 372 372 373 373 373 373 375 375 376 377 377 379 379 380 380 380 381 381 381 382 382 382 383 383 385 385 385 386 386 387 388 388 388 389 389 389 390 390 390 390 391 391 391 391 392 393 393 394 394 394 395 395 396 397 397 397 398 398 398 400 400 400 401 401 401 402 403 404 404 404 404 404 404 405
368 368 367 367 369 369 369 369 369 370 370 371 370 371 371 372 372 372 372 372 373 373 374 373 374 376 376 377 377 377 379 379 379 380 380 380 381 382 383 383 383 384 384 385 386 386 387 387 387 388 388 388 389 389 389 390 390 390 391 391 391 391 392 392 393 393 394 395 395 395 397 397 397 397 398 398 399 399 400 400 401 401 401 401 403 404 404 404 404 404 404 405 407 407
369 369 370 369 369 369 370 370 370 370 371 371 371 372 372 373 372 373 374 374 373 374 375 375 376 376 377 377 377 379 380 380 381 381 381 382 382 383 383 383 384 384 385 386 386 387 387 387 388 388 388 389 389 389 392 391 392 393 393 392 392 393 393 393 394 395 395 395 395 396 397 397 397 398 399 399 400 400 401 401 401 401 403 404 404 404 404 404 404 406 406 407 407 407
370 370 370 369 369 371 371 371 371 371 372 373 372 372 373 374 373 374 374 374 375 375 375 376 376 378 378 379 380 380 380 381 381 381 382 382 383 383 384 385 385 385 386 386 387 387 388 388 389 389 390 390 392 392 392 393 393 393 393 394 394 394 394 395 395 395 395 396 397 397 398 399 399 399 400 400 401 401 401 402 402 404 404 404 404 404 405 406 407 407 407 407 407 407
370 371 371 371 371 371 371 371 372 372 373 373 373 374 374 373 374 375 375 375 375 375 376 377 377 378 379 380 380 380 381 382 382 384 384 385 385 385 386 386 386 387 387 388 388 388 389 389 389 390 390 392 392 392 393 393 393 394 394 394 394 395 395 395 395 397 398 398 398 399 399 399 399 400 401 401 401 402 402 404 404 404 404 404 404 406 407 407 407 407 407 407 408 408
371 372 372 371 371 372 372 372 373 373 373 373 374 374 375 375 375 375 376 375 376 377 377 377 379 380 381 381 381 382 382 382 384 384 385 385 385 386 386 386 387 387 387 388 388 389 390 390 391 391 391 392 392 393 394 394 395 395 394 394 396 396 396 397 398 398 398 398 399 399 399 400 402 402 402 402 402 403 403 404 404 405 406 406 406 407 407 407 407 408 408 408 409 410
372 372 371 371 373 373 373 373 373 374 375 374 374 375 376 375 375 377 376 376 377 377 377 380 380 381 381 381 382 382 383 385 384 386 386 386 387 387 387 388 388 389 389 389 390 391 391 392 392 393 393 393 394 394 394 395 395 395 396 396 396 396 398 398 398 398 399 399 399 399 401 402 402 402 403 403 403 404 404 404 406 406 406 407 407 407 408 408 408 409 409 410 410 410
373 373 373 373 373 373 373 373 374 375 375 374 376 376 375 377 377 377 376 378 378 378 380 380 380 381 382 383 384 384 385 385 385 386 386 387 387 387 388 389 390 390 390 391 391 391 392 392 393 393 393 394 394 394 395 396 396 396 397 397 398 398 398 398 399 400 400 400 400 401 402 402 402 403 403 405 405 405 406 406 406 407 407 408 408 409 409 409 409 409 410 410 411 411
373 374 373 373 374 375 374 375 375 375 375 376 376 376 377 377 377 378 378 378 378 380 381 381 382 382 384 384 384 385 385 386 387 386 388 387 388 389 390 391 390 390 391 391 391 392 392 393 393 393 394 395 395 397 397 397 398 398 398 399 399 399 399 400 400 400 402 401 402 402 402 403 403 403 404 406 406 406 406 406 406 408 409 409 409 409 409 409 409 411 411 411 411 412
374 375 374 375 375 375 375 375 376 377 376 376 377 378 377 377 379 379 378 380 381 381 381 382 382 383 385 385 386 386 386 387 387 389 389 389 390 390 391 391 391 392 392 392 393 393 394 394 394 395 395 396 397 397 398 398 398 399 399 399 399 400 400 400 400 402 402 402 402 403 404 404 404 404 406 406 406 406 406 408 407 409 409 409 409 409 411 411 411 411 411 412 412 412
