R4Research-BCEENET2021/data/bio/bio_17.asc
NCOLS 1249 
NROWS 465 
XLLCORNER -86.9583333333333 
YLLCORNER 33.5416666666667 
CELLSIZE 0.00833333333333333 
NODATA_value -3.4e+38 
[rows 410 to 450 of 465, columns 940 to 1033 of 1249]
235 235 235 235 235 235 235 234 234 233 233 233 232 232 232 232 232 232 232 232 231 230 230 230 230 230 229 229 229 229 229 229 229 229 229 229 230 230 232 232 232 232 232 232 233 233 234 234 234 234 236 236 236 237 237 237 237 237 237 238 238 239 240 240 240 240 243 243 243 244 244 244 246 246 246 246 247 248 248 249 249 249 249 250 250 251 251 251 252 253 253 253 254 255
236 236 236 235 235 235 235 235 235 234 234 233 233 232 232 232 232 233 231 232 232 231 230 230 230 230 231 231 231 231 231 230 230 230 230 231 231 232 232 232 232 233 233 234 234 234 234 234 235 235 236 237 237 237 237 237 238 238 238 239 239 239 240 240 240 242 243 243 243 244 245 245 246 246 246 248 248 248 248 249 249 249 250 250 250 250 251 252 253 253 254 254 254 255
236 236 236 236 236 235 235 235 235 235 234 234 234 234 233 232 232 233 233 231 232 231 232 232 231 231 231 231 231 231 231 231 231 231 231 232 232 232 232 232 232 233 234 235 235 235 235 235 235 237 237 237 237 237 238 238 238 238 239 239 239 240 240 241 241 241 243 243 243 245 245 246 246 246 247 248 248 248 248 249 250 250 250 250 250 250 251 253 253 253 253 254 255 255
236 236 236 236 236 236 235 235 235 235 235 234 234 234 234 234 232 231 231 232 232 232 232 232 232 232 232 231 231 231 231 231 231 231 231 232 232 233 233 233 234 234 235 235 235 235 235 236 236 237 237 237 237 237 238 239 239 239 239 239 239 240 241 241 242 242 243 244 244 245 245 246 247 247 247 247 248 248 249 250 250 250 250 250 251 251 251 252 252 253 253 255 255 255
236 236 236 236 236 236 236 236 235 235 235 235 234 234 234 234 234 233 233 233 233 233 232 232 231 231 232 232 232 232 232 232 232 232 232 233 233 234 233 234 234 233 235 236 236 236 236 236 236 237 237 238 238 239 239 239 239 239 239 239 241 241 241 241 242 243 244 244 244 244 245 246 247 247 247 248 248 250 249 250 250 250 250 251 251 251 252 253 254 254 254 255 255 257
238 238 237 236 236 236 236 236 236 235 235 235 235 234 234 233 234 234 234 233 233 233 233 233 233 232 232 232 232 232 232 232 232 233 234 234 233 234 234 234 235 236 236 236 236 236 236 236 236 238 238 238 238 239 239 239 239 239 240 241 241 241 241 241 243 243 243 244 244 244 246 246 247 247 247 249 249 249 250 250 250 251 251 251 251 252 254 254 254 254 255 255 256 257
238 238 238 237 237 236 236 236 236 236 236 236 236 235 235 234 234 234 234 234 234 233 233 233 233 233 233 233 233 233 233 233 233 233 235 234 234 235 235 235 235 236 236 236 236 236 237 237 237 238 238 238 238 238 239 240 240 240 240 241 241 241 242 243 243 243 243 244 246 246 246 247 247 247 249 248 249 249 250 250 251 251 252 252 252 254 254 254 254 254 255 255 256 258
238 238 238 238 238 238 238 236 236 236 236 236 236 235 235 234 235 235 235 235 235 234 234 234 233 234 233 233 233 233 233 234 234 235 235 235 235 235 235 235 236 236 237 237 238 238 238 238 238 238 238 238 239 239 239 240 240 240 240 241 242 242 243 243 243 243 245 245 246 246 247 247 249 249 248 248 248 249 251 251 251 252 252 253 253 254 254 254 254 255 256 256 256 258
239 239 238 238 238 238 238 238 237 236 236 237 237 237 235 235 235 236 236 236 235 234 234 234 234 234 235 235 235 233 233 233 235 235 235 235 235 235 236 237 237 237 238 237 238 238 238 238 238 239 239 239 239 240 240 240 240 241 242 242 242 242 242 243 245 244 246 246 246 247 248 248 249 249 249 249 251 250 251 251 251 253 253 253 253 254 254 254 256 256 256 256 256 258
239 239 239 239 238 238 238 238 238 238 238 237 237 237 237 236 236 236 236 236 236 236 235 235 235 235 235 235 235 236 235 236 236 236 236 236 236 236 236 237 238 237 237 237 238 238 239 239 239 239 240 240 240 240 240 242 242 242 242 242 242 242 244 244 245 245 246 246 247 247 248 248 249 249 250 250 251 251 251 251 252 253 253 253 253 253 255 256 256 256 256 256 258 259
239 239 239 239 239 239 238 238 238 237 237 237 238 237 237 237 237 237 236 236 236 236 236 236 236 236 236 237 236 236 236 236 236 236 236 236 236 236 237 237 237 237 238 238 239 239 239 239 240 240 240 240 239 241 242 242 242 242 242 242 244 244 244 245 246 246 247 247 247 248 249 248 250 250 250 250 251 251 251 252 252 253 253 253 254 255 256 256 256 256 -3.4e+38 257 258 -3.4e+38
239 239 239 239 239 239 239 238 237 238 238 239 238 238 237 237 237 236 237 237 237 236 236 236 236 237 236 237 237 237 237 237 237 238 238 237 238 238 238 239 238 238 238 238 238 238 239 239 240 241 241 241 241 241 242 242 243 243 243 243 243 244 245 246 246 247 247 247 247 247 250 250 250 250 250 250 250 252 252 253 253 253 253 254 254 254 256 -3.4e+38 256 257 257 258 -3.4e+38 -3.4e+38
240 240 241 239 239 238 239 239 239 239 238 238 238 238 238 238 238 237 237 237 237 237 237 237 237 238 236 236 236 236 237 237 237 238 238 237 237 237 238 239 239 239 238 238 239 240 240 241 241 241 241 241 241 241 243 244 243 244 244 244 244 244 246 246 247 247 247 247 247 249 249 250 250 250 250 251 251 251 252 253 253 253 -3.4e+38 254 254 254 256 -3.4e+38 -3.4e+38 -3.4e+38 -3.4e+38 -3.4e+38 -3.4e+38 -3.4e+38
240 240 240 240 239 238 238 238 239 239 239 240 240 238 238 238 238 238 239 238 238 237 237 237 237 237 237 237 237 238 237 237 237 237 238 237 238 238 238 240 240 239 240 240 240 241 241 241 241 241 241 242 242 242 243 244 244 244 244 245 245 245 246 246 247 247 247 247 248 248 248 250 250 250 251 251 -3.4e+38 251 251 252 253 254 254 -3.4e+38 -3.4e+38 -3.4e+38 -3.4e+38 -3.4e+38 -3.4e+38 -3.4e+38 -3.4e+38 -3.4e+38 -3.4e+38 -3.4e+38
240 240 240 241 240 240 240 240 239 239 239 239 240 240 240 239 239 239 239 239 239 239 239 238 237 237 237 237 238 238 238 238 238 238 238 238 238 239 239 240 240 240 240 240 240 241 241 242 242 242 242 243 243 244 244 244 245 245 245 245 245 246 246 246 246 247 248 248 248 249 250 250 -3.4e+38 251 251 251 251 251 251 -3.4e+38 -3.4e+38 -3.4e+38 -3.4e+38 -3.4e+38 -3.4e+38 -3.4e+38 -3.4e+38 -3.4e+38 -3.4e+38 -3.4e+38 -3.4e+38 -3.4e+38 -3.4e+38 -3.4e+38
242 242 241 241 241 240 240 240 240 240 240 239 239 240 240 240 240 240 240 239 239 239 239 239 239 239 240 239 238 239 239 239 238 238 239 239 239 240 240 240 240 241 241 242 242 242 242 242 242 242 242 243 244 245 245 245 245 245 245 246 245 246 -3.4e+38 247 248 248 -3.4e+38 248 248 248 249 249 251 251 251 251 -3.4e+38 -3.4e+38 -3.4e+38 -3.4e+38 -3.4e+38 -3.4e+38 -3.4e+38 -3.4e+38 -3.4e+38 -3.4e+38 -3.4e+38 -3.4e+38 -3.4e+38 -3.4e+38 -3.4e+38 -3.4e+38 -3.4e+38 -3.4e+38
242 242 242 242 241 240 240 240 240 240 240 240 240 241 241 240 240 240 240 240 240 240 240 239 239 240 240 240 240 240 240 240 240 240 240 240 241 241 241 241 241 241 242 242 242 242 242 242 242 243 244 245 245 245 245 245 245 245 245 245 245 247 247 248 248 248 248 248 248 250 250 250 251 -3.4e+38 -3.4e+38 -3.4e+38 -3.4e+38 -3.4e+38 -3.4e+38 -3.4e+38 -3.4e+38 -3.4e+38 -3.4e+38 -3.4e+38 -3.4e+38 -3.4e+38 -3.4e+38 -3.4e+38 -3.4e+38 -3.4e+38 -3.4e+38 -3.4e+38 -3.4e+38 -3.4e+38
242 242 242 242 242 241 241 241 241 241 240 240 241 241 242 241 241 240 240 240 240 240 240 240 241 241 240 240 240 240 240 240 240 240 240 240 241 241 241 241 241 242 242 243 243 244 244 244 244 244 244 245 245 245 245 245 245 246 246 247 248 247 248 248 248 248 249 249 -3.4e+38 -3.4e+38 250 -3.4e+38 -3.4e+38 -3.4e+38 -3.4e+38 -3.4e+38 -3.4e+38 -3.4e+38 -3.4e+38 -3.4e+38 -3.4e+38 -3.4e+38 -3.4e+38 -3.4e+38 -3.4e+38 -3.4e+38 -3.4e+38 -3.4e+38 -3.4e+38 -3.4e+38 -3.4e+38 -3.4e+38 -3.4e+38 -3.4e+38
243 242 242 242 241 242 241 241 243 242 242 242 242 241 241 241 241 241 241 241 240 240 240 240 241 241 241 241 241 241 241 241 241 241 241 241 242 243 243 243 242 242 243 244 244 244 244 244 245 245 245 245 245 246 246 246 246 246 246 246 246 247 247 248 248 -3.4e+38 -3.4e+38 -3.4e+38 -3.4e+38 251 -3.4e+38 -3.4e+38 -3.4e+38 -3.4e+38 -3.4e+38 -3.4e+38 -3.4e+38 -3.4e+38 -3.4e+38 -3.4e+38 -3.4e+38 -3.4e+38 -3.4e+38 -3.4e+38 -3.4e+38 -3.4e+38 -3.4e+38 -3.4e+38 -3.4e+38 -3.4e+38 -3.4e+38 -3.4e+38 -3.4e+38 -3.4e+38
243 243 243 243 243 243 243 243 244 243 243 243 243 242 242 241 241 241 241 241 241 241 241 241 241 241 241 241 242 242 242 242 242 242 243 243 243 243 243 243 244 244 244 244 244 244 245 245 246 246 246 246 246 246 246 246 246 246 246 246 246 249 -3.4e+38 -3.4e+38 -3.4e+38 -3.4e+38 -3.4e+38 -3.4e+38 -3.4e+38 -3.4e+38 -3.4e+38 -3.4e+38 -3.4e+38 -3.4e+38 -3.4e+38 -3.4e+38 -3.4e+38 -3.4e+38 -3.4e+38 -3.4e+38 -3.4e+38 -3.4e+38 -3.4e+38 -3.4e+38 -3.4e+38 -3.4e+38 -3.4e+38 -3.4e+38 -3.4e+38 -3.4e+38 -3.4e+38 -3.4e+38 -3.4e+38 -3.4e+38
243 243 244 244 244 243 244 244 243 244 244 243 243 243 243 243 243 243 242 242 241 241 241 241 242 242 242 242 243 243 243 243 243 243 243 243 243 243 244 245 245 245 245 245 245 245 245 245 245 246 246 246 246 246 247 246 248 247 247 -3.4e+38 -3.4e+38 -3.4e+38 -3.4e+38 -3.4e+38 -3.4e+38 -3.4e+38 -3.4e+38 -3.4e+38 -3.4e+38 -3.4e+38 -3.4e+38 -3.4e+38 -3.4e+38 -3.4e+38 -3.4e+38 -3.4e+38 -3.4e+38 -3.4e+38 -3.4e+38 -3.4e+38 -3.4e+38 -3.4e+38 -3.4e+38 -3.4e+38 -3.4e+38 -3.4e+38 -3.4e+38 -3.4e+38 -3.4e+38 -3.4e+38 -3.4e+38 -3.4e+38 -3.4e+38 -3.4e+38
244 244 245 245 244 244 244 244 244 244 244 244 244 244 244 243 243 243 242 242 242 244 244 244 244 243 243 243 243 243 243 243 243 244 244 244 244 244 244 245 245 245 245 245 246 245 245 246 246 246 246 248 248 248 248 -3.4e+38 -3.4e+38 -3.4e+38 -3.4e+38 -3.4e+38 -3.4e+38 -3.4e+38 -3.4e+38 -3.4e+38 -3.4e+38 -3.4e+38 -3.4e+38 -3.4e+38 -3.4e+38 -3.4e+38 -3.4e+38 -3.4e+38 -3.4e+38 -3.4e+38 -3.4e+38 -3.4e+38 -3.4e+38 -3.4e+38 -3.4e+38 -3.4e+38 -3.4e+38 -3.4e+38 -3.4e+38 -3.4e+38 -3.4e+38 -3.4e+38 -3.4e+38 -3.4e+38 -3.4e+38 -3.4e+38 -3.4e+38 -3.4e+38 -3.4e+38 -3.4e+38
245 245 245 245 245 245 245 245 244 244 244 244 244 244 244 244 244 244 244 243 243 243 244 244 244 244 244 244 244 244 244 243 244 244 244 244 244 245 246 246 246 245 246 246 246 246 247 246 247 247 247 248 248 -3.4e+38 -3.4e+38 -3.4e+38 -3.4e+38 -3.4e+38 -3.4e+38 -3.4e+38 -3.4e+38 -3.4e+38 -3.4e+38 -3.4e+38 -3.4e+38 -3.4e+38 -3.4e+38 -3.4e+38 -3.4e+38 -3.4e+38 -3.4e+38 -3.4e+38 -3.4e+38 -3.4e+38 -3.4e+38 -3.4e+38 -3.4e+38 -3.4e+38 -3.4e+38 -3.4e+38 -3.4e+38 -3.4e+38 -3.4e+38 -3.4e+38 -3.4e+38 -3.4e+38 -3.4e+38 -3.4e+38 -3.4e+38 -3.4e+38 -3.4e+38 -3.4e+38 -3.4e+38 -3.4e+38
245 245 245 245 245 245 245 245 245 245 245 246 245 245 245 245 245 245 245 245 245 245 244 244 244 244 244 244 244 245 245 245 246 246 246 245 246 246 246 246 246 246 246 246 246 246 247 247 247 247 -3.4e+38 -3.4e+38 -3.4e+38 -3.4e+38 -3.4e+38 -3.4e+38 -3.4e+38 -3.4e+38 -3.4e+38 -3.4e+38 -3.4e+38 -3.4e+38 -3.4e+38 -3.4e+38 -3.4e+38 -3.4e+38 -3.4e+38 -3.4e+38 -3.4e+38 -3.4e+38 -3.4e+38 -3.4e+38 -3.4e+38 -3.4e+38 -3.4e+38 -3.4e+38 -3.4e+38 -3.4e+38 -3.4e+38 -3.4e+38 -3.4e+38 -3.4e+38 -3.4e+38 -3.4e+38 -3.4e+38 -3.4e+38 -3.4e+38 -3.4e+38 -3.4e+38 -3.4e+38 -3.4e+38 -3.4e+38 -3.4e+38 -3.4e+38
246 246 245 245 245 245 245 245 245 246 246 246 246 247 246 246 246 245 245 245 245 245 245 245 246 245 246 246 246 245 245 245 245 245 245 245 246 246 246 246 246 246 246 246 247 247 247 248 -3.4e+38 -3.4e+38 -3.4e+38 -3.4e+38 -3.4e+38 -3.4e+38 -3.4e+38 -3.4e+38 -3.4e+38 -3.4e+38 -3.4e+38 -3.4e+38 -3.4e+38 -3.4e+38 -3.4e+38 -3.4e+38 -3.4e+38 -3.4e+38 -3.4e+38 -3.4e+38 -3.4e+38 -3.4e+38 -3.4e+38 -3.4e+38 -3.4e+38 -3.4e+38 -3.4e+38 -3.4e+38 -3.4e+38 -3.4e+38 -3.4e+38 -3.4e+38 -3.4e+38 -3.4e+38 -3.4e+38 -3.4e+38 -3.4e+38 -3.4e+38 -3.4e+38 -3.4e+38 -3.4e+38 -3.4e+38 -3.4e+38 -3.4e+38 -3.4e+38 -3.4e+38
247 247 246 246 246 246 246 246 245 246 247 247 247 247 247 246 246 246 246 246 246 245 245 245 245 246 246 246 246 246 246 246 246 246 247 247 247 247 247 247 246 246 246 248 248 249 -3.4e+38 -3.4e+38 -3.4e+38 -3.4e+38 -3.4e+38 -3.4e+38 -3.4e+38 -3.4e+38 -3.4e+38 -3.4e+38 -3.4e+38 -3.4e+38 -3.4e+38 -3.4e+38 -3.4e+38 -3.4e+38 -3.4e+38 -3.4e+38 -3.4e+38 -3.4e+38 -3.4e+38 -3.4e+38 -3.4e+38 -3.4e+38 -3.4e+38 -3.4e+38 -3.4e+38 -3.4e+38 -3.4e+38 -3.4e+38 -3.4e+38 -3.4e+38 -3.4e+38 -3.4e+38 -3.4e+38 -3.4e+38 -3.4e+38 -3.4e+38 -3.4e+38 -3.4e+38 -3.4e+38 -3.4e+38 -3.4e+38 -3.4e+38 -3.4e+38 -3.4e+38 -3.4e+38 -3.4e+38
247 247 247 246 246 247 247 247 247 248 248 248 248 248 248 246 246 246 246 246 246 246 246 247 247 247 246 246 246 246 246 246 246 246 247 247 247 247 247 247 247 247 247 247 -3.4e+38 -3.4e+38 -3.4e+38 -3.4e+38 -3.4e+38 -3.4e+38 -3.4e+38 -3.4e+38 -3.4e+38 -3.4e+38 -3.4e+38 -3.4e+38 -3.4e+38 -3.4e+38 -3.4e+38 -3.4e+38 -3.4e+38 -3.4e+38 -3.4e+38 -3.4e+38 -3.4e+38 -3.4e+38 -3.4e+38 -3.4e+38 -3.4e+38 -3.4e+38 -3.4e+38 -3.4e+38 -3.4e+38 -3.4e+38 -3.4e+38 -3.4e+38 -3.4e+38 -3.4e+38 -3.4e+38 -3.4e+38 -3.4e+38 -3.4e+38 -3.4e+38 -3.4e+38 -3.4e+38 -3.4e+38 -3.4e+38 -3.4e+38 -3.4e+38 -3.4e+38 -3.4e+38 -3.4e+38 -3.4e+38 -3.4e+38
248 247 248 247 248 248 248 247 247 248 248 248 248 248 248 248 247 247 247 246 246 246 246 247 247 247 247 247 247 247 247 247 247 247 247 247 247 247 247 247 247 247 247 -3.4e+38 -3.4e+38 -3.4e+38 -3.4e+38 -3.4e+38 -3.4e+38 -3.4e+38 -3.4e+38 -3.4e+38 -3.4e+38 -3.4e+38 -3.4e+38 -3.4e+38 -3.4e+38 -3.4e+38 -3.4e+38 -3.4e+38 -3.4e+38 -3.4e+38 -3.4e+38 -3.4e+38 -3.4e+38 -3.4e+38 -3.4e+38 -3.4e+38 -3.4e+38 -3.4e+38 -3.4e+38 -3.4e+38 -3.4e+38 -3.4e+38 -3.4e+38 -3.4e+38 -3.4e+38 -3.4e+38 -3.4e+38 -3.4e+38 -3.4e+38 -3.4e+38 -3.4e+38 -3.4e+38 -3.4e+38 -3.4e+38 -3.4e+38 -3.4e+38 -3.4e+38 -3.4e+38 -3.4e+38 -3.4e+38 -3.4e+38 -3.4e+38
249 249 249 249 248 249 249 249 248 248 248 248 248 248 248 248 247 248 248 247 247 247 247 247 247 247 247 248 247 247 247 248 248 248 248 248 248 248 248 248 248 -3.4e+38 -3.4e+38 -3.4e+38 -3.4e+38 -3.4e+38 -3.4e+38 -3.4e+38 -3.4e+38 -3.4e+38 -3.4e+38 -3.4e+38 -3.4e+38 -3.4e+38 -3.4e+38 -3.4e+38 -3.4e+38 -3.4e+38 -3.4e+38 -3.4e+38 -3.4e+38 -3.4e+38 -3.4e+38 -3.4e+38 -3.4e+38 -3.4e+38 -3.4e+38 -3.4e+38 -3.4e+38 -3.4e+38 -3.4e+38 -3.4e+38 -3.4e+38 -3.4e+38 -3.4e+38 -3.4e+38 -3.4e+38 -3.4e+38 -3.4e+38 -3.4e+38 -3.4e+38 -3.4e+38 -3.4e+38 -3.4e+38 -3.4e+38 -3.4e+38 -3.4e+38 -3.4e+38 -3.4e+38 -3.4e+38 -3.4e+38 -3.4e+38 -3.4e+38 -3.4e+38
249 249 249 249 249 249 249 249 249 249 249 249 249 249 249 249 248 248 247 247 248 248 249 249 249 249 249 249 248 248 248 249 249 249 248 249 249 249 249 249 -3.4e+38 -3.4e+38 -3.4e+38 -3.4e+38 -3.4e+38 -3.4e+38 -3.4e+38 -3.4e+38 -3.4e+38 -3.4e+38 -3.4e+38 -3.4e+38 -3.4e+38 -3.4e+38 -3.4e+38 -3.4e+38 -3.4e+38 -3.4e+38 -3.4e+38 -3.4e+38 -3.4e+38 -3.4e+38 -3.4e+38 -3.4e+38 -3.4e+38 -3.4e+38 -3.4e+38 -3.4e+38 -3.4e+38 -3.4e+38 -3.4e+38 -3.4e+38 -3.4e+38 -3.4e+38 -3.4e+38 -3.4e+38 -3.4e+38 -3.4e+38 -3.4e+38 -3.4e+38 -3.4e+38 -3.4e+38 -3.4e+38 -3.4e+38 -3.4e+38 -3.4e+38 -3.4e+38 -3.4e+38 -3.4e+38 -3.4e+38 -3.4e+38 -3.4e+38 -3.4e+38 -3.4e+38
248 248 249 249 249 249 249 249 249 249 249 249 249 249 249 249 249 249 249 248 248 248 249 249 249 249 249 249 249 249 250 250 250 250 250 249 249 249 -3.4e+38 -3.4e+38 -3.4e+38 -3.4e+38 -3.4e+38 -3.4e+38 -3.4e+38 -3.4e+38 -3.4e+38 -3.4e+38 -3.4e+38 -3.4e+38 -3.4e+38 -3.4e+38 -3.4e+38 -3.4e+38 -3.4e+38 -3.4e+38 -3.4e+38 -3.4e+38 -3.4e+38 -3.4e+38 -3.4e+38 -3.4e+38 -3.4e+38 -3.4e+38 -3.4e+38 -3.4e+38 -3.4e+38 -3.4e+38 -3.4e+38 -3.4e+38 -3.4e+38 -3.4e+38 -3.4e+38 -3.4e+38 -3.4e+38 -3.4e+38 -3.4e+38 -3.4e+38 -3.4e+38 -3.4e+38 -3.4e+38 -3.4e+38 -3.4e+38 -3.4e+38 -3.4e+38 -3.4e+38 -3.4e+38 -3.4e+38 -3.4e+38 -3.4e+38 -3.4e+38 -3.4e+38 -3.4e+38 -3.4e+38
249 250 250 250 250 250 250 250 249 249 250 249 249 249 249 250 249 249 249 250 250 250 250 250 249 249 249 249 249 250 250 250 250 250 250 250 250 -3.4e+38 -3.4e+38 -3.4e+38 -3.4e+38 -3.4e+38 -3.4e+38 -3.4e+38 -3.4e+38 -3.4e+38 -3.4e+38 -3.4e+38 -3.4e+38 -3.4e+38 -3.4e+38 -3.4e+38 -3.4e+38 -3.4e+38 -3.4e+38 -3.4e+38 -3.4e+38 -3.4e+38 -3.4e+38 -3.4e+38 -3.4e+38 -3.4e+38 -3.4e+38 -3.4e+38 -3.4e+38 -3.4e+38 -3.4e+38 -3.4e+38 -3.4e+38 -3.4e+38 -3.4e+38 -3.4e+38 -3.4e+38 -3.4e+38 -3.4e+38 -3.4e+38 -3.4e+38 -3.4e+38 -3.4e+38 -3.4e+38 -3.4e+38 -3.4e+38 -3.4e+38 -3.4e+38 -3.4e+38 -3.4e+38 -3.4e+38 -3.4e+38 -3.4e+38 -3.4e+38 -3.4e+38 -3.4e+38 -3.4e+38 -3.4e+38
250 251 250 250 250 250 251 250 250 250 251 252 251 251 250 250 251 250 250 249 250 250 250 250 251 250 250 250 251 251 250 250 250 250 250 -3.4e+38 -3.4e+38 -3.4e+38 -3.4e+38 -3.4e+38 -3.4e+38 -3.4e+38 -3.4e+38 -3.4e+38 -3.4e+38 -3.4e+38 -3.4e+38 -3.4e+38 -3.4e+38 -3.4e+38 -3.4e+38 -3.4e+38 -3.4e+38 -3.4e+38 -3.4e+38 -3.4e+38 -3.4e+38 -3.4e+38 -3.4e+38 -3.4e+38 -3.4e+38 -3.4e+38 -3.4e+38 -3.4e+38 -3.4e+38 -3.4e+38 -3.4e+38 -3.4e+38 -3.4e+38 -3.4e+38 -3.4e+38 -3.4e+38 -3.4e+38 -3.4e+38 -3.4e+38 -3.4e+38 -3.4e+38 -3.4e+38 -3.4e+38 -3.4e+38 -3.4e+38 -3.4e+38 -3.4e+38 -3.4e+38 -3.4e+38 -3.4e+38 -3.4e+38 -3.4e+38 -3.4e+38 -3.4e+38 -3.4e+38 -3.4e+38 -3.4e+38 -3.4e+38
250 251 251 251 251 251 251 251 251 250 252 251 251 251 251 251 251 251 251 251 250 250 250 251 251 251 252 252 252 252 251 251 251 251 -3.4e+38 -3.4e+38 -3.4e+38 -3.4e+38 -3.4e+38 -3.4e+38 -3.4e+38 -3.4e+38 -3.4e+38 -3.4e+38 -3.4e+38 -3.4e+38 -3.4e+38 -3.4e+38 -3.4e+38 -3.4e+38 -3.4e+38 -3.4e+38 -3.4e+38 -3.4e+38 -3.4e+38 -3.4e+38 -3.4e+38 -3.4e+38 -3.4e+38 -3.4e+38 -3.4e+38 -3.4e+38 -3.4e+38 -3.4e+38 -3.4e+38 -3.4e+38 -3.4e+38 -3.4e+38 -3.4e+38 -3.4e+38 -3.4e+38 -3.4e+38 -3.4e+38 -3.4e+38 -3.4e+38 -3.4e+38 -3.4e+38 -3.4e+38 -3.4e+38 -3.4e+38 -3.4e+38 -3.4e+38 -3.4e+38 -3.4e+38 -3.4e+38 -3.4e+38 -3.4e+38 -3.4e+38 -3.4e+38 -3.4e+38 -3.4e+38 -3.4e+38 -3.4e+38 -3.4e+38
252 252 252 252 253 253 253 253 252 251 251 251 251 251 251 251 251 251 251 251 251 251 251 251 253 253 252 252 252 252 251 251 251 -3.4e+38 -3.4e+38 -3.4e+38 -3.4e+38 -3.4e+38 -3.4e+38 -3.4e+38 -3.4e+38 -3.4e+38 -3.4e+38 -3.4e+38 -3.4e+38 -3.4e+38 -3.4e+38 -3.4e+38 -3.4e+38 -3.4e+38 -3.4e+38 -3.4e+38 -3.4e+38 -3.4e+38 -3.4e+38 -3.4e+38 -3.4e+38 -3.4e+38 -3.4e+38 -3.4e+38 -3.4e+38 -3.4e+38 -3.4e+38 -3.4e+38 -3.4e+38 -3.4e+38 -3.4e+38 -3.4e+38 -3.4e+38 -3.4e+38 -3.4e+38 -3.4e+38 -3.4e+38 -3.4e+38 -3.4e+38 -3.4e+38 -3.4e+38 -3.4e+38 -3.4e+38 -3.4e+38 -3.4e+38 -3.4e+38 -3.4e+38 -3.4e+38 -3.4e+38 -3.4e+38 -3.4e+38 -3.4e+38 -3.4e+38 -3.4e+38 -3.4e+38 -3.4e+38 -3.4e+38 -3.4e+38
252 252 252 253 253 253 253 253 252 252 252 252 252 252 252 252 251 251 251 251 251 251 252 251 253 253 253 252 252 252 252 -3.4e+38 -3.4e+38 -3.4e+38 -3.4e+38 -3.4e+38 -3.4e+38 -3.4e+38 -3.4e+38 -3.4e+38 -3.4e+38 -3.4e+38 -3.4e+38 -3.4e+38 -3.4e+38 -3.4e+38 -3.4e+38 -3.4e+38 -3.4e+38 -3.4e+38 -3.4e+38 -3.4e+38 -3.4e+38 -3.4e+38 -3.4e+38 -3.4e+38 -3.4e+38 -3.4e+38 -3.4e+38 -3.4e+38 -3.4e+38 -3.4e+38 -3.4e+38 -3.4e+38 -3.4e+38 -3.4e+38 -3.4e+38 -3.4e+38 -3.4e+38 -3.4e+38 -3.4e+38 -3.4e+38 -3.4e+38 -3.4e+38 -3.4e+38 -3.4e+38 -3.4e+38 -3.4e+38 -3.4e+38 -3.4e+38 -3.4e+38 -3.4e+38 -3.4e+38 -3.4e+38 -3.4e+38 -3.4e+38 -3.4e+38 -3.4e+38 -3.4e+38 -3.4e+38 -3.4e+38 -3.4e+38 -3.4e+38 -3.4e+38
252 252 252 252 253 253 253 252 252 253 253 253 253 252 253 252 252 252 252 253 253 253 252 252 253 253 253 252 253 253 -3.4e+38 -3.4e+38 -3.4e+38 -3.4e+38 -3.4e+38 -3.4e+38 -3.4e+38 -3.4e+38 -3.4e+38 -3.4e+38 -3.4e+38 -3.4e+38 -3.4e+38 -3.4e+38 -3.4e+38 -3.4e+38 -3.4e+38 -3.4e+38 -3.4e+38 -3.4e+38 -3.4e+38 -3.4e+38 -3.4e+38 -3.4e+38 -3.4e+38 -3.4e+38 -3.4e+38 -3.4e+38 -3.4e+38 -3.4e+38 -3.4e+38 -3.4e+38 -3.4e+38 -3.4e+38 -3.4e+38 -3.4e+38 -3.4e+38 -3.4e+38 -3.4e+38 -3.4e+38 -3.4e+38 -3.4e+38 -3.4e+38 -3.4e+38 -3.4e+38 -3.4e+38 -3.4e+38 -3.4e+38 -3.4e+38 -3.4e+38 -3.4e+38 -3.4e+38 -3.4e+38 -3.4e+38 -3.4e+38 -3.4e+38 -3.4e+38 -3.4e+38 -3.4e+38 -3.4e+38 -3.4e+38 -3.4e+38 -3.4e+38 -3.4e+38
253 253 253 253 254 253 254 254 254 254 253 254 253 253 253 253 253 254 254 253 253 254 254 254 254 254 254 253 253 -3.4e+38 -3.4e+38 -3.4e+38 -3.4e+38 -3.4e+38 -3.4e+38 -3.4e+38 -3.4e+38 -3.4e+38 -3.4e+38 -3.4e+38 -3.4e+38 -3.4e+38 -3.4e+38 -3.4e+38 -3.4e+38 -3.4e+38 -3.4e+38 -3.4e+38 -3.4e+38 -3.4e+38 -3.4e+38 -3.4e+38 -3.4e+38 -3.4e+38 -3.4e+38 -3.4e+38 -3.4e+38 -3.4e+38 -3.4e+38 -3.4e+38 -3.4e+38 -3.4e+38 -3.4e+38 -3.4e+38 -3.4e+38 -3.4e+38 -3.4e+38 -3.4e+38 -3.4e+38 -3.4e+38 -3.4e+38 -3.4e+38 -3.4e+38 -3.4e+38 -3.4e+38 -3.4e+38 -3.4e+38 -3.4e+38 -3.4e+38 -3.4e+38 -3.4e+38 -3.4e+38 -3.4e+38 -3.4e+38 -3.4e+38 -3.4e+38 -3.4e+38 -3.4e+38 -3.4e+38 -3.4e+38 -3.4e+38 -3.4e+38 -3.4e+38 -3.4e+38
254 254 254 253 253 254 254 254 254 254 254 254 254 254 253 253 254 255 254 254 253 254 254 254 254 254 254 254 -3.4e+38 -3.4e+38 -3.4e+38 -3.4e+38 -3.4e+38 -3.4e+38 -3.4e+38 -3.4e+38 -3.4e+38 -3.4e+38 -3.4e+38 -3.4e+38 -3.4e+38 -3.4e+38 -3.4e+38 -3.4e+38 -3.4e+38 -3.4e+38 -3.4e+38 -3.4e+38 -3.4e+38 -3.4e+38 -3.4e+38 -3.4e+38 -3.4e+38 -3.4e+38 -3.4e+38 -3.4e+38 -3.4e+38 -3.4e+38 -3.4e+38 -3.4e+38 -3.4e+38 -3.4e+38 -3.4e+38 -3.4e+38 -3.4e+38 -3.4e+38 -3.4e+38 -3.4e+38 -3.4e+38 -3.4e+38 -3.4e+38 -3.4e+38 -3.4e+38 -3.4e+38 -3.4e+38 -3.4e+38 -3.4e+38 -3.4e+38 -3.4e+38 -3.4e+38 -3.4e+38 -3.4e+38 -3.4e+38 -3.4e+38 -3.4e+38 -3.4e+38 -3.4e+38 -3.4e+38 -3.4e+38 -3.4e+38 -3.4e+38 -3.4e+38 -3.4e+38 -3.4e+38
254 255 255 254 254 253 254 254 254 254 255 255 254 253 253 254 255 255 255 255 255 254 254 254 254 254 254 -3.4e+38 -3.4e+38 -3.4e+38 -3.4e+38 -3.4e+38 -3.4e+38 -3.4e+38 -3.4e+38 -3.4e+38 -3.4e+38 -3.4e+38 -3.4e+38 -3.4e+38 -3.4e+38 -3.4e+38 -3.4e+38 -3.4e+38 -3.4e+38 -3.4e+38 -3.4e+38 -3.4e+38 -3.4e+38 -3.4e+38 -3.4e+38 -3.4e+38 -3.4e+38 -3.4e+38 -3.4e+38 -3.4e+38 -3.4e+38 -3.4e+38 -3.4e+38 -3.4e+38 -3.4e+38 -3.4e+38 -3.4e+38 -3.4e+38 -3.4e+38 -3.4e+38 -3.4e+38 -3.4e+38 -3.4e+38 -3.4e+38 -3.4e+38 -3.4e+38 -3.4e+38 -3.4e+38 -3.4e+38 -3.4e+38 -3.4e+38 -3.4e+38 -3.4e+38 -3.4e+38 -3.4e+38 -3.4e+38 -3.4e+38 -3.4e+38 -3.4e+38 -3.4e+38 -3.4e+38 -3.4e+38 -3.4e+38 -3.4e+38 -3.4e+38 -3.4e+38 -3.4e+38 -3.4e+38
255 255 255 255 255 255 255 256 256 255 255 256 256 256 256 255 254 254 254 254 254 254 254 254 255 255 -3.4e+38 -3.4e+38 -3.4e+38 -3.4e+38 -3.4e+38 -3.4e+38 -3.4e+38 -3.4e+38 -3.4e+38 -3.4e+38 -3.4e+38 -3.4e+38 -3.4e+38 -3.4e+38 -3.4e+38 -3.4e+38 -3.4e+38 -3.4e+38 -3.4e+38 -3.4e+38 -3.4e+38 -3.4e+38 -3.4e+38 -3.4e+38 -3.4e+38 -3.4e+38 -3.4e+38 -3.4e+38 -3.4e+38 -3.4e+38 -3.4e+38 -3.4e+38 -3.4e+38 -3.4e+38 -3.4e+38 -3.4e+38 -3.4e+38 -3.4e+38 -3.4e+38 -3.4e+38 -3.4e+38 -3.4e+38 -3.4e+38 -3.4e+38 -3.4e+38 -3.4e+38 -3.4e+38 -3.4e+38 -3.4e+38 -3.4e+38 -3.4e+38 -3.4e+38 -3.4e+38 -3.4e+38 -3.4e+38 -3.4e+38 -3.4e+38 -3.4e+38 -3.4e+38 -3.4e+38 -3.4e+38 -3.4e+38 -3.4e+38 -3.4e+38 -3.4e+38 -3.4e+38 -3.4e+38 -3.4e+38
