R4Research-BCEENET2021/data/bio/elev.asc
NCOLS 1249 
NROWS 465 
XLLCORNER -86.9583333333333 
YLLCORNER 33.5416666666667 
CELLSIZE 0.00833333333333333 
NODATA_value -32768 
[rows 396 to 439 of 465, columns 480 to 575 of 1249]
180 171 168 187 190 200 209 204 203 207 211 207 206 200 185 173 172 166 161 158 160 156 155 160 165 160 166 174 170 175 172 171 173 166 154 150 158 166 154 149 160 159 172 176 167 163 154 146 140 141 136 132 145 126 144 155 159 147 155 160 163 170 161 167 173 169 158 171 182 177 172 172 157 150 140 132 147 149 140 148 153 159 161 171 182 180 177 178 174 163 164 155 166 171 167 180
167 176 186 196 203 204 209 198 189 196 206 207 211 203 195 191 183 178 180 176 172 171 167 154 152 151 157 166 167 166 172 172 173 162 155 148 150 159 149 150 164 160 172 179 183 169 153 145 145 145 138 131 141 126 146 159 160 142 151 162 168 159 152 161 165 172 159 169 171 180 167 167 160 161 150 132 131 138 139 149 161 171 170 171 173 183 170 168 174 173 153 156 168 163 171 181
175 180 182 196 206 207 195 199 187 190 192 193 209 207 201 199 192 188 187 182 177 175 162 162 169 155 149 150 155 164 161 168 165 155 159 157 149 149 151 148 149 158 165 170 171 164 158 153 150 144 142 150 134 128 138 148 158 140 154 161 154 146 150 161 157 158 157 163 164 185 173 159 157 146 142 139 125 133 145 160 169 171 162 162 171 180 174 166 168 173 157 157 165 156 168 172
169 177 197 205 203 198 198 188 187 183 181 189 203 207 201 197 188 189 193 190 188 176 177 178 180 163 160 165 155 152 150 152 150 154 149 152 152 148 148 149 151 160 163 170 162 159 155 156 152 151 157 158 151 142 145 138 154 136 141 157 156 144 149 141 148 151 158 167 171 183 184 194 176 160 145 127 128 144 149 155 160 157 157 168 182 181 171 164 161 169 160 149 160 162 160 162
174 190 190 189 196 189 188 178 182 172 180 191 191 199 198 187 182 175 183 173 165 159 158 175 170 164 169 175 169 160 151 151 152 149 148 148 149 148 151 155 153 158 168 175 163 154 149 147 149 154 164 168 152 143 135 141 154 138 137 150 141 141 144 145 160 157 158 170 182 185 186 188 172 154 150 135 130 146 158 162 150 150 164 175 181 177 169 162 156 165 158 146 150 155 167 176
176 182 178 188 197 190 176 173 167 175 190 189 181 189 193 187 178 174 161 157 156 150 156 176 176 174 174 177 169 158 164 160 166 156 156 150 149 148 150 155 158 159 177 172 179 170 164 159 146 150 165 168 157 152 129 136 150 145 128 142 125 136 135 150 163 174 176 180 182 178 170 161 160 155 148 130 134 152 161 153 144 157 170 166 170 171 168 164 152 162 154 145 150 161 178 182
166 163 166 180 184 187 173 163 167 181 188 177 174 185 184 184 170 156 149 151 150 145 152 167 176 169 177 186 180 174 173 171 164 164 158 161 165 158 149 148 148 157 172 159 174 178 175 171 162 141 144 150 142 142 136 129 135 150 133 132 123 124 134 156 159 173 173 184 169 172 166 154 145 136 141 128 148 161 149 137 146 159 159 153 173 175 162 158 152 155 150 148 164 172 176 179
145 144 152 173 171 176 174 162 165 176 186 173 166 179 171 172 152 141 142 151 154 144 153 162 158 158 172 174 164 165 165 155 151 148 153 152 155 165 160 152 148 151 160 153 167 171 176 167 156 150 142 155 151 150 142 125 120 131 128 120 119 127 133 147 165 161 170 168 159 170 168 166 153 138 130 128 150 148 134 133 146 149 143 154 169 174 173 158 150 143 146 161 167 162 169 173
146 135 158 171 163 174 177 161 157 161 174 180 164 159 158 148 142 137 138 152 154 144 143 152 150 159 163 159 153 160 162 152 146 144 148 142 146 165 163 150 148 148 148 151 160 169 172 171 171 165 147 161 168 161 150 141 122 124 123 120 120 128 132 147 160 155 169 165 149 156 156 153 146 142 127 139 146 132 130 140 141 140 148 164 175 178 167 163 147 147 161 162 152 150 156 164
141 139 135 164 160 155 164 169 154 156 182 178 174 158 147 138 132 132 142 153 153 147 137 140 147 152 158 152 150 154 162 160 151 140 140 138 145 150 158 161 150 148 148 154 156 163 162 159 169 170 154 159 156 153 154 153 140 130 117 125 133 137 139 151 150 160 169 157 141 151 150 149 142 136 123 139 134 136 142 150 151 155 160 162 174 169 169 158 148 154 160 153 145 151 163 173
144 129 129 162 175 153 157 159 171 154 170 170 163 154 152 150 136 146 150 159 152 141 130 136 139 141 151 155 143 145 149 156 154 154 142 133 131 136 141 148 155 153 149 146 151 156 153 165 171 159 151 148 151 141 139 135 125 119 126 122 135 137 141 142 154 164 166 162 147 146 147 148 138 131 123 129 137 150 148 156 163 163 167 177 179 163 159 155 145 140 153 146 154 165 170 181
155 142 131 156 157 157 141 166 173 157 155 152 149 154 147 136 132 145 152 156 157 147 144 134 132 141 143 156 150 134 137 137 138 139 143 146 142 126 126 135 145 149 145 110 136 144 145 143 140 146 143 144 158 155 150 146 139 127 123 129 137 133 141 149 155 165 171 161 146 140 137 147 140 120 121 126 134 138 141 139 152 166 174 180 172 168 164 161 152 143 144 156 162 170 179 180
147 138 125 135 137 133 138 140 152 163 168 154 141 138 135 136 132 143 141 142 150 157 148 136 127 131 142 151 149 144 129 125 127 130 145 152 152 137 120 124 134 141 138 110 109 119 131 122 125 134 134 135 147 162 164 158 153 143 122 121 137 133 133 141 154 155 162 154 141 137 140 135 135 122 130 140 146 152 152 144 159 161 170 177 169 157 169 162 151 141 143 160 161 165 173 178
145 131 138 138 137 144 131 129 131 142 151 146 150 151 149 150 139 134 131 137 149 148 139 131 124 124 142 148 145 138 130 120 122 130 138 139 138 138 132 124 119 135 130 120 104 114 113 117 114 120 136 144 150 166 164 153 144 140 130 116 129 127 135 132 140 148 158 151 143 134 131 131 120 126 133 139 154 161 159 155 157 171 175 169 171 157 157 163 151 138 149 152 160 171 172 174
139 147 166 158 162 160 156 146 138 128 126 127 152 137 132 133 142 138 126 135 139 148 154 137 124 132 138 139 141 137 127 122 121 138 132 130 128 133 125 121 108 119 129 115 103 105 108 126 135 138 149 157 163 174 172 168 158 154 135 126 120 127 126 134 150 156 151 144 143 125 132 127 122 130 142 150 155 161 164 155 155 167 166 163 176 164 152 152 151 140 140 147 158 165 176 170
155 163 165 163 159 165 164 157 152 134 122 125 135 126 128 129 124 127 121 126 129 133 138 139 126 128 130 124 124 125 122 120 120 124 119 122 118 128 152 139 121 108 122 120 104 105 121 135 140 150 160 170 172 165 160 162 145 135 128 124 124 114 117 135 145 147 154 143 135 125 123 118 130 139 145 158 159 164 170 163 166 169 160 159 168 160 153 144 145 135 137 149 157 170 168 161
164 173 172 166 153 153 152 143 148 151 137 127 128 128 143 142 133 124 123 121 119 121 123 124 126 121 122 128 131 124 122 120 121 130 129 145 141 123 109 110 111 113 106 121 123 107 116 122 138 146 141 152 151 138 146 158 154 145 138 139 131 118 111 131 140 149 139 142 130 122 123 119 128 137 128 139 148 159 165 164 173 164 154 153 168 165 159 155 140 134 144 158 163 167 160 157
182 178 177 165 171 166 162 146 141 138 136 132 139 157 166 161 143 139 133 125 121 120 121 124 131 123 130 140 144 130 133 137 135 145 154 145 130 120 112 121 127 127 114 109 109 117 106 122 128 137 134 123 126 139 152 156 155 156 148 144 129 122 110 132 136 145 134 128 125 114 115 116 131 132 141 139 144 159 168 158 157 154 145 146 159 162 155 147 144 134 146 152 165 158 152 146
187 187 184 183 177 166 150 150 158 154 157 156 157 161 157 158 145 140 129 127 124 126 134 134 130 137 154 159 153 142 142 160 156 156 154 143 141 137 130 131 134 130 127 127 122 106 104 113 132 128 121 117 136 141 148 145 149 143 136 142 138 121 108 125 130 138 130 112 110 116 127 134 148 153 153 160 157 160 163 152 147 142 137 145 153 164 162 155 144 135 149 163 158 153 151 144
191 193 191 181 168 156 162 165 166 158 149 140 136 145 147 132 134 133 126 127 125 133 148 148 135 147 158 166 161 153 154 154 148 140 133 127 120 120 123 121 118 118 109 113 115 111 107 104 112 111 107 116 132 129 136 135 148 156 148 138 133 136 124 120 133 133 124 108 126 139 143 149 154 146 142 157 168 173 167 161 148 138 139 149 161 157 156 154 145 133 145 158 147 151 145 140
174 176 184 179 170 166 168 167 162 155 151 143 134 134 136 131 125 123 129 127 134 142 156 159 142 148 160 170 168 167 157 138 136 126 119 119 128 128 133 121 116 117 118 112 111 108 120 111 104 103 103 103 107 113 136 150 166 160 157 152 141 125 127 123 115 125 130 111 123 137 137 137 139 144 152 155 167 171 171 166 160 150 141 152 156 147 143 144 131 144 158 151 149 141 147 139
164 162 177 174 172 160 148 159 149 148 141 135 131 131 130 133 129 126 131 138 145 152 160 157 146 140 153 165 162 156 157 149 144 129 124 132 150 150 151 141 136 131 120 113 114 115 121 129 126 117 118 106 103 103 111 125 136 143 153 154 139 137 126 122 117 118 130 116 127 134 119 121 130 144 149 161 168 166 158 158 157 156 140 148 152 149 139 130 135 150 148 142 137 137 140 125
177 163 159 163 158 155 139 138 136 134 131 131 132 146 155 148 141 133 132 134 142 144 151 150 150 155 165 172 167 158 147 140 143 166 157 140 160 159 142 138 131 116 112 115 130 137 138 134 122 128 117 104 105 106 103 112 131 130 147 158 147 141 143 130 133 118 114 112 113 123 120 125 130 145 159 165 165 161 150 148 153 140 136 145 150 142 142 131 139 140 143 134 136 129 130 136
176 163 148 149 144 143 143 143 139 129 131 134 140 151 151 142 147 132 144 139 142 153 160 156 166 172 178 171 161 150 146 151 155 160 159 149 155 145 140 125 115 121 132 139 151 144 130 123 114 110 106 111 122 113 105 104 111 122 126 130 127 136 147 144 137 129 124 116 109 115 129 147 151 153 152 152 156 161 159 150 147 144 135 138 144 146 145 130 135 141 139 127 125 129 135 148
162 153 151 149 147 153 146 136 134 137 139 149 156 159 152 159 152 136 144 155 156 163 174 160 170 175 176 165 153 155 154 165 167 160 161 159 147 138 130 122 116 129 147 144 139 131 121 107 110 114 117 113 127 129 123 104 103 110 114 113 131 132 133 146 140 135 133 120 111 114 130 145 143 140 142 151 156 158 159 162 158 146 137 133 139 145 142 131 136 132 125 125 134 137 146 156
158 156 160 157 151 144 141 135 135 150 147 158 168 171 165 159 149 141 142 159 170 174 180 166 164 173 178 172 165 168 165 154 153 158 156 146 140 129 120 118 133 145 141 135 126 112 106 111 117 127 129 123 130 145 139 124 109 103 109 120 111 122 132 139 134 141 136 125 111 109 123 141 133 125 131 139 137 143 155 151 157 157 152 137 130 144 147 137 125 124 127 136 147 157 156 164
167 164 165 158 151 146 140 140 138 154 157 160 167 178 174 171 159 137 151 159 174 184 179 169 172 182 181 167 177 176 160 144 144 147 161 150 127 119 120 142 148 151 137 131 129 113 128 126 120 127 140 136 139 143 133 127 124 111 103 103 113 120 112 120 123 126 130 137 113 110 126 138 129 129 127 133 138 147 149 140 152 158 148 141 134 132 139 127 126 128 139 150 154 146 148 149
155 161 152 151 142 138 143 138 138 156 167 175 176 178 176 165 148 139 147 156 164 171 183 180 172 186 185 186 184 173 156 156 155 138 135 129 125 134 152 160 156 143 135 132 122 108 130 140 136 136 147 150 145 140 136 135 113 116 112 104 103 105 107 112 116 126 138 140 122 107 117 130 122 133 135 147 148 140 132 138 146 154 148 142 135 128 133 123 124 131 139 145 153 147 145 143
141 138 137 138 141 136 137 150 142 154 169 182 184 172 156 151 146 138 153 158 162 172 170 177 180 183 188 177 175 160 156 173 166 151 131 141 150 158 165 161 152 155 144 127 124 107 124 136 146 152 140 133 132 127 126 116 107 114 110 110 110 104 104 115 120 125 125 133 133 122 111 108 124 135 143 149 134 125 124 142 148 153 152 146 137 122 118 121 134 148 146 147 143 140 136 137
148 149 151 148 139 137 150 156 144 160 175 189 184 169 170 166 161 144 139 154 166 160 163 170 181 188 189 178 164 155 168 177 163 146 138 147 162 168 167 154 147 135 129 126 121 110 113 121 133 138 129 126 120 121 126 115 116 127 126 126 129 117 106 103 104 108 115 117 129 135 132 118 109 136 136 131 125 128 135 144 148 148 139 137 136 129 126 123 132 138 139 139 131 125 133 144
167 172 164 155 137 147 154 150 160 161 167 189 186 176 165 153 154 144 136 150 155 156 172 170 178 190 191 175 164 161 169 177 164 147 153 157 161 165 156 149 149 127 117 127 139 126 110 137 150 147 134 143 134 134 132 127 123 135 146 142 136 134 118 107 108 104 104 104 115 126 138 125 110 127 132 122 133 130 138 140 145 140 124 130 137 131 123 125 131 135 135 130 121 128 130 134
161 154 147 143 144 151 163 157 162 179 176 185 177 170 168 157 145 137 140 140 149 153 159 162 180 196 194 182 178 175 174 168 159 173 167 166 149 147 149 144 124 126 132 135 135 122 132 133 152 156 152 147 147 147 133 133 137 144 148 143 136 127 131 120 124 122 121 112 103 107 124 114 109 129 128 118 125 132 139 134 133 122 124 140 141 134 127 120 129 130 135 133 130 135 137 135
151 145 147 149 154 152 171 160 150 163 179 186 181 173 163 155 150 141 145 146 164 171 174 169 184 197 190 189 192 185 174 167 172 174 167 160 158 143 131 133 143 148 144 131 122 126 127 135 148 160 164 158 158 153 144 141 143 144 137 131 131 131 126 130 135 133 129 125 125 107 105 107 113 118 127 111 128 128 126 122 118 124 133 144 138 132 129 116 114 126 125 128 126 131 134 137
148 151 159 169 165 159 169 160 154 162 182 182 170 179 164 152 146 151 161 151 162 169 184 184 189 187 178 181 188 185 180 178 175 163 152 148 143 135 142 153 153 146 132 123 118 129 139 131 142 160 164 152 146 144 141 132 134 128 119 112 112 110 108 116 124 130 131 132 128 117 110 103 103 106 117 108 126 119 109 111 120 128 136 138 132 125 119 119 118 130 124 120 125 135 131 130
146 158 164 170 168 177 171 165 160 177 190 181 178 183 172 155 156 166 163 166 160 174 182 188 185 179 174 174 179 172 169 166 165 169 159 152 146 149 150 155 145 133 128 120 121 128 132 143 159 158 159 146 141 135 126 125 123 119 113 125 126 126 123 121 112 117 110 110 106 108 107 114 120 106 104 110 117 113 107 114 121 123 130 139 137 133 121 110 111 121 120 114 126 129 121 123
153 172 181 180 174 179 171 182 170 182 194 187 183 175 161 161 165 177 170 183 179 180 184 176 178 171 175 165 168 161 157 157 151 155 161 162 160 150 135 136 133 127 122 133 135 136 135 150 163 160 155 154 154 147 137 123 125 131 131 129 128 137 134 126 118 109 118 122 121 127 121 125 126 121 107 103 104 106 106 122 123 123 125 133 129 129 126 121 117 111 125 114 116 116 115 111
154 172 171 185 177 180 179 184 174 191 193 183 173 167 168 181 177 181 176 192 192 187 184 182 168 161 166 166 167 166 171 166 159 139 146 161 151 140 134 118 121 127 135 128 141 142 148 157 163 162 152 147 143 128 119 117 130 146 144 135 142 130 121 112 114 124 128 136 137 129 120 114 111 106 104 106 103 103 109 113 111 121 125 127 120 125 135 127 114 102 115 105 112 115 109 101
162 161 174 184 179 185 188 193 182 193 187 176 173 174 173 177 190 194 190 199 194 183 175 179 178 175 172 153 153 150 155 155 154 147 132 151 141 130 119 127 131 146 138 131 146 160 163 162 155 153 149 136 127 124 131 124 132 146 149 146 139 125 118 120 127 133 142 139 130 122 122 120 120 112 120 114 103 104 103 104 114 127 132 118 116 125 128 122 115 99 106 97 107 109 101 102
171 157 172 181 189 190 195 202 196 200 188 192 181 188 181 179 189 202 199 190 190 188 172 168 155 158 156 156 152 145 136 139 147 152 141 130 123 126 122 130 139 149 137 147 148 159 162 160 147 142 134 128 131 142 137 130 142 148 146 135 131 126 124 129 138 141 133 130 122 130 124 124 125 127 131 116 117 118 105 104 107 124 126 111 115 121 124 120 115 105 101 90 99 108 106 97
184 168 172 182 198 205 205 205 205 205 198 193 186 192 192 197 193 185 180 181 173 168 161 156 154 152 151 142 147 142 145 134 131 131 133 127 122 135 126 137 148 156 146 152 159 162 163 154 151 144 133 145 151 145 133 137 148 154 150 143 136 125 118 137 148 142 131 132 132 140 131 141 138 130 127 124 126 115 103 104 112 116 108 107 122 131 120 112 113 107 103 99 91 109 108 102
194 190 184 190 203 202 202 199 207 198 193 188 192 195 194 195 196 190 185 182 169 171 174 171 163 150 144 150 149 154 147 145 146 157 148 138 134 143 134 141 150 169 163 164 166 160 152 146 143 136 144 156 150 138 146 151 151 139 135 132 129 121 125 142 148 143 147 146 143 140 145 143 133 121 121 118 113 104 103 104 103 104 105 108 123 123 105 106 106 108 116 105 92 99 106 91
188 194 198 197 199 193 202 193 194 202 195 190 179 184 183 193 182 188 189 184 181 173 170 163 153 148 159 160 167 169 162 167 166 147 134 137 138 150 142 154 163 178 175 170 170 162 152 153 147 150 151 146 143 145 150 155 143 144 141 144 132 135 132 140 146 154 149 144 147 152 145 141 131 121 118 114 108 106 107 117 105 103 103 105 111 115 103 103 108 116 109 109 105 96 88 93
197 196 194 195 186 188 190 183 190 201 206 199 184 167 175 191 182 173 178 183 185 179 172 163 159 160 171 164 170 174 168 159 155 143 151 160 153 159 167 167 174 175 171 179 167 159 155 151 154 161 152 150 155 162 167 163 156 155 153 147 140 142 138 148 153 151 140 138 134 137 134 133 134 126 124 119 123 119 119 117 118 116 103 103 103 103 103 103 105 112 124 118 113 100 90 101
193 189 183 188 177 190 179 188 199 208 204 192 186 178 174 181 186 178 166 171 178 175 173 165 165 163 173 177 178 173 163 153 148 153 163 172 173 176 171 173 168 159 165 172 170 170 158 165 167 161 164 166 160 164 171 166 164 160 154 153 153 151 150 152 151 143 151 143 136 125 124 123 128 124 127 130 129 124 124 136 136 126 107 103 103 103 103 112 119 125 131 121 111 104 92 94
