R4Research-BCEENET2021/data/bio/elev.asc
NCOLS 1249 
NROWS 465 
XLLCORNER -86.9583333333333 
YLLCORNER 33.5416666666667 
CELLSIZE 0.00833333333333333 
NODATA_value -32768 
[rows 264 to 307 of 465, columns 96 to 191 of 1249]
286 294 290 286 283 295 293 291 301 293 302 300 303 303 309 313 314 321 358 446 509 499 582 584 587 576 586 584 589 572 549 595 604 599 602 588 541 430 512 560 538 565 551 491 385 433 556 566 557 496 454 556 570 610 594 562 560 553 551 528 477 457 443 417 528 524 383 327 376 350 434 537 576 621 599 378 258 220 216 214 198 225 218 231 268 396 580 671 670 648 635 623 615 613 623 620
274 276 276 276 274 286 284 286 291 292 291 297 302 306 311 314 320 344 430 504 426 408 555 570 554 516 533 575 589 585 586 596 601 592 579 570 571 492 384 531 477 527 570 513 348 438 559 583 582 565 477 450 562 590 569 572 563 547 546 538 521 476 501 409 377 388 434 284 420 508 528 567 626 641 485 303 222 219 233 202 212 218 215 233 321 513 600 612 651 623 604 594 619 624 613 612
284 282 275 272 282 282 288 285 289 298 298 303 308 310 320 330 356 361 421 356 327 397 431 424 407 396 509 583 583 575 586 593 588 581 571 562 558 522 352 417 374 480 560 534 386 349 526 574 573 571 554 414 524 558 552 555 550 543 542 545 531 534 566 555 506 390 299 283 490 566 588 619 621 520 348 235 204 217 197 204 217 206 214 242 344 551 639 590 607 604 600 548 583 568 573 612
288 293 281 280 293 291 281 275 283 296 298 295 304 301 308 317 323 328 350 315 315 361 318 309 317 361 494 573 572 560 578 585 572 565 557 533 489 443 315 299 274 377 500 486 361 333 524 548 533 556 498 396 532 558 544 530 550 544 547 547 500 478 548 565 552 519 375 266 448 597 623 629 615 385 240 202 207 201 208 226 211 220 252 346 418 531 614 566 547 581 600 540 523 559 586 605
292 287 283 278 291 295 300 290 283 288 295 293 298 296 307 308 307 312 309 306 301 302 302 327 370 417 528 577 534 492 570 579 575 576 575 560 491 435 483 459 331 259 321 318 261 397 518 458 452 549 498 367 474 545 509 413 513 518 545 530 450 418 526 536 535 477 302 301 500 594 611 625 501 304 221 211 217 201 224 209 215 240 354 540 612 600 593 610 557 525 575 526 499 550 580 590
293 289 287 280 286 290 301 297 299 287 287 291 295 298 303 304 301 301 302 299 299 300 303 384 521 538 555 571 499 420 465 551 577 585 583 566 565 562 553 510 382 277 293 243 277 463 455 329 428 536 532 402 346 512 413 406 482 529 550 537 534 440 397 470 521 490 287 332 521 513 546 504 327 244 216 228 199 204 213 203 216 270 445 616 579 555 581 563 555 515 564 497 536 547 556 550
295 294 289 282 281 288 300 303 307 300 289 285 288 293 299 301 300 294 297 296 329 379 380 438 538 478 526 574 568 474 392 531 566 573 573 563 555 538 469 376 336 312 309 253 243 404 369 304 467 537 547 492 346 363 333 421 550 548 545 563 579 530 475 375 442 462 298 316 431 459 535 382 244 222 218 226 197 203 198 207 221 321 516 594 598 558 529 535 577 555 506 501 468 533 549 553
300 297 294 291 286 294 303 309 307 303 299 286 288 292 298 289 291 297 310 330 357 392 435 426 468 428 469 560 516 382 454 558 567 569 572 572 560 548 506 420 386 419 478 370 261 231 254 369 476 531 537 492 496 366 264 388 461 498 532 571 599 564 538 434 326 319 260 235 326 500 449 276 218 208 224 216 197 193 201 221 290 398 505 564 563 570 536 538 592 590 548 483 462 545 586 574
306 302 301 301 291 292 300 322 327 302 298 288 306 305 305 294 295 301 317 392 477 439 363 353 383 376 486 526 427 340 454 493 547 545 558 571 561 555 524 532 534 532 536 523 409 244 276 462 518 422 468 344 453 391 261 328 432 524 550 561 566 539 548 517 497 355 221 263 464 452 294 218 206 204 231 227 208 193 204 264 420 577 549 525 546 549 509 530 579 579 552 494 418 533 575 547
310 309 303 300 301 301 298 313 333 308 299 294 308 305 329 360 305 297 302 324 449 519 455 372 329 320 412 487 434 340 319 359 408 461 560 573 566 560 554 540 492 448 394 410 419 288 210 331 367 285 307 233 274 259 298 492 540 545 535 543 551 540 533 527 499 326 236 242 340 289 223 216 202 219 233 218 195 200 215 311 512 591 577 520 499 495 490 526 546 563 544 533 376 525 568 534
312 308 305 305 309 306 306 309 321 307 304 291 297 307 373 425 325 295 310 303 353 475 527 400 329 288 380 410 435 375 350 470 545 561 565 574 570 577 560 551 549 534 466 319 278 244 200 204 274 226 206 260 279 266 364 545 559 540 504 490 473 521 526 510 467 447 376 228 197 198 207 201 221 245 235 197 197 210 244 356 546 557 582 563 526 452 526 558 541 469 440 402 289 494 502 495
327 314 312 321 318 309 313 315 329 311 309 300 298 348 469 494 389 357 409 348 424 483 459 377 369 319 299 323 404 328 397 516 561 560 558 571 569 559 552 572 542 532 519 450 425 319 257 212 208 243 235 418 481 442 444 560 546 537 541 493 382 406 527 525 508 440 362 249 190 190 193 209 242 234 210 195 195 213 273 392 488 519 566 571 534 456 497 508 371 243 232 230 225 314 356 518
375 330 331 373 362 363 402 387 383 358 389 331 301 361 480 558 505 519 548 481 556 557 518 517 529 424 279 323 338 268 332 414 512 551 565 550 542 501 464 548 541 475 521 518 467 333 267 219 198 205 235 400 430 535 547 559 551 539 548 554 488 318 444 517 516 464 308 206 190 189 205 236 242 208 197 194 243 350 376 519 490 547 540 527 480 435 528 521 291 233 433 459 346 261 222 295
439 451 460 456 511 521 552 501 453 426 404 349 331 389 465 566 565 560 562 566 567 564 533 490 502 385 258 315 249 351 501 548 554 564 562 511 418 369 351 433 504 419 409 453 497 489 419 404 365 244 202 267 397 538 544 542 559 543 527 511 528 343 316 411 429 361 245 202 191 190 236 248 210 191 193 239 374 563 556 512 457 499 487 482 472 413 495 508 317 230 437 541 541 511 358 229
513 560 571 550 543 570 572 560 557 546 521 484 455 533 570 563 557 512 520 560 554 547 491 355 364 376 280 232 309 450 542 529 531 565 559 544 530 463 331 314 357 341 298 435 522 526 496 489 371 254 205 349 503 547 476 556 579 565 542 407 377 296 236 241 254 232 213 199 214 216 222 217 194 196 205 237 372 527 544 532 460 410 426 387 426 322 512 532 403 225 258 324 388 480 506 360
498 565 562 526 516 564 569 556 501 497 563 546 554 566 572 563 553 514 429 542 531 421 365 314 291 284 254 240 367 454 421 428 538 562 552 553 557 529 477 364 255 248 282 413 442 482 423 500 347 215 197 311 444 420 393 544 586 596 573 506 410 403 312 207 197 200 205 215 206 193 194 192 192 206 235 274 284 366 438 441 324 261 244 233 264 368 548 548 497 446 314 275 219 307 486 474
527 546 508 416 516 557 557 509 465 483 557 540 551 566 571 565 559 509 367 463 497 516 437 424 459 420 380 237 277 299 390 508 543 550 520 551 548 546 546 458 306 208 205 230 271 296 340 488 433 246 201 247 291 374 494 536 578 588 565 581 533 383 246 196 192 191 219 210 225 209 189 193 224 244 209 206 203 229 249 225 205 194 197 247 409 531 530 560 586 573 542 467 240 264 451 463
489 519 479 387 437 550 549 485 423 439 548 490 538 559 562 569 570 539 395 336 472 544 517 544 553 543 489 334 213 313 488 515 465 513 427 546 531 540 538 463 330 264 232 255 231 200 245 311 313 227 192 222 331 463 378 434 547 542 536 535 406 259 197 197 187 199 212 208 220 195 195 205 276 336 204 192 218 254 288 326 314 205 247 389 504 542 498 467 486 397 320 253 228 341 516 445
425 525 475 367 480 565 507 418 399 491 521 463 557 542 499 542 558 546 459 321 403 526 431 482 546 488 387 284 219 250 366 350 337 377 341 452 481 500 525 469 429 292 315 429 388 232 194 193 190 187 187 190 245 323 254 354 537 429 464 342 243 220 209 194 188 196 193 216 196 202 227 229 361 315 194 219 367 469 528 509 338 211 340 450 518 520 438 284 242 226 272 336 399 466 506 349
387 498 396 349 470 556 555 488 385 485 432 495 562 559 499 453 460 406 335 280 387 495 380 379 508 480 398 378 267 209 255 238 292 351 424 443 449 525 541 536 463 329 443 458 338 287 258 254 244 241 204 193 188 200 202 313 453 314 281 224 208 241 212 196 191 194 221 194 199 236 247 236 305 326 199 292 490 562 558 488 282 220 380 464 493 458 272 205 259 376 505 522 514 485 346 259
396 444 331 398 439 501 548 532 453 385 376 517 553 554 545 451 407 450 466 372 282 338 344 285 410 520 485 455 369 240 217 290 388 496 524 532 521 531 517 479 409 399 527 479 471 483 357 412 455 426 317 354 268 240 197 206 261 222 199 190 192 192 190 207 195 199 195 199 224 265 267 317 287 222 204 350 480 523 542 453 301 204 298 491 521 521 288 222 391 463 497 504 524 463 285 232
434 443 316 337 385 504 524 549 455 343 436 501 515 557 563 552 528 496 541 490 381 286 264 276 367 467 439 381 350 216 257 411 483 526 515 464 438 495 514 508 482 504 521 535 533 526 525 503 533 485 497 489 476 454 319 212 188 185 184 184 183 185 186 195 193 187 193 219 264 244 233 234 318 228 208 353 413 488 541 543 443 238 248 420 520 473 277 207 296 346 379 440 482 373 236 213
339 341 296 392 481 507 497 491 375 379 504 451 473 536 557 558 539 428 432 517 495 359 281 260 338 496 508 365 293 211 260 435 519 517 433 388 449 525 537 536 516 485 516 488 494 527 558 555 519 471 513 442 374 448 432 253 187 184 184 185 201 209 186 185 186 188 214 259 232 219 195 196 205 202 205 291 346 429 502 484 525 362 206 248 309 269 208 304 461 402 285 364 364 284 220 207
292 286 324 431 440 477 513 452 336 441 486 418 521 554 554 554 545 525 419 351 473 475 332 281 415 523 521 456 293 200 291 469 458 415 332 412 512 535 533 507 407 373 450 398 457 439 467 517 502 442 491 509 340 274 288 208 184 193 196 204 224 244 188 186 195 205 247 231 213 232 194 194 195 194 208 345 442 448 409 507 554 462 281 227 232 248 270 393 517 361 231 228 247 243 210 212
416 280 394 492 425 427 525 474 337 446 442 504 555 548 532 542 537 457 401 329 360 385 270 310 435 472 512 489 351 208 240 331 311 280 376 534 543 531 539 524 460 363 299 433 490 365 381 514 495 403 337 469 360 218 192 184 186 205 225 226 228 215 185 190 194 208 216 203 210 204 202 264 280 212 237 258 392 341 435 522 482 511 482 438 461 495 505 546 546 417 261 231 216 216 205 221
376 269 371 459 477 394 498 425 347 447 384 461 537 491 475 539 536 525 521 389 338 407 313 235 267 432 492 520 427 291 198 201 224 297 452 547 544 500 428 491 391 345 290 465 518 424 312 464 415 347 265 335 334 214 186 184 191 215 224 225 211 192 188 206 191 195 194 196 194 194 236 397 382 298 335 283 279 256 425 457 404 450 461 481 463 533 585 592 574 522 349 245 232 205 211 304
259 311 355 381 488 399 412 396 306 314 411 502 543 466 457 530 535 529 512 410 313 373 350 287 237 386 444 510 502 419 231 197 259 272 361 458 528 523 404 325 316 236 299 468 428 410 269 362 429 280 212 203 193 188 187 184 197 216 230 211 195 196 222 229 209 198 194 210 265 276 258 328 448 450 374 414 428 292 379 399 326 366 385 406 480 523 562 514 439 465 344 235 213 215 252 439
301 261 310 442 539 508 371 287 272 392 515 492 532 506 386 431 464 417 484 486 354 254 223 216 210 318 347 433 442 364 210 194 220 303 374 401 499 495 371 264 240 209 304 431 338 278 218 246 368 368 226 193 188 197 185 184 200 220 216 203 210 241 231 233 293 290 208 232 383 465 424 473 491 482 433 456 407 324 283 284 304 386 348 356 406 456 429 330 283 286 258 226 216 211 329 558
317 270 348 474 537 482 346 266 409 515 527 447 441 519 436 325 402 352 464 445 485 436 379 270 198 213 231 269 303 235 203 278 347 446 523 470 443 398 419 392 366 258 212 281 291 309 259 196 238 258 203 190 187 185 183 185 216 214 196 209 252 240 296 391 431 436 298 236 249 351 448 473 470 498 481 493 469 443 386 349 412 339 384 282 280 270 264 282 252 234 231 222 211 263 455 585
251 379 513 532 495 385 269 379 508 504 500 515 394 462 455 395 290 309 404 409 434 468 503 392 323 256 199 196 193 207 330 426 442 475 516 479 416 408 330 382 466 324 212 193 261 325 303 306 232 188 196 189 184 190 183 187 216 193 203 249 240 314 447 493 475 452 431 422 357 247 376 451 451 466 484 477 450 412 332 382 442 320 405 383 262 242 249 276 256 234 225 213 242 430 588 536
242 395 523 512 417 323 297 462 534 490 388 432 369 359 374 465 343 274 294 337 321 436 504 477 498 444 338 225 188 235 406 395 393 517 543 525 502 493 413 315 426 439 311 195 294 446 457 387 261 192 187 184 189 185 182 185 191 193 235 231 297 453 493 479 478 467 454 449 439 287 362 444 419 462 466 443 420 367 313 417 387 357 370 352 270 294 248 232 233 227 217 223 375 585 577 494
254 447 521 506 356 259 309 483 513 452 372 341 391 304 408 510 486 400 272 259 250 395 499 381 431 442 397 280 191 227 334 282 434 521 471 513 524 512 453 288 312 364 245 188 248 381 388 305 217 206 200 204 204 197 188 182 186 225 224 265 420 502 485 469 460 445 421 388 401 322 293 351 411 455 459 457 451 413 373 439 362 264 256 267 299 265 227 213 237 228 223 371 550 578 524 429
231 327 395 489 396 245 373 486 517 460 400 332 281 322 421 455 518 487 420 347 233 292 412 387 282 242 235 217 191 220 303 242 379 372 400 493 512 443 385 375 284 258 227 198 203 242 226 214 203 198 203 214 206 203 186 182 186 212 237 406 487 499 500 489 470 462 454 441 385 386 418 333 415 448 447 458 469 424 360 355 329 251 254 297 262 229 222 221 238 213 318 520 571 539 443 301
218 348 482 522 456 264 310 388 477 515 507 426 383 297 309 369 517 524 469 304 278 251 235 353 374 271 198 196 190 219 297 219 235 279 428 388 494 427 291 365 443 390 248 210 191 198 196 194 194 205 219 218 208 192 191 184 183 206 339 465 468 471 477 489 484 471 470 457 451 448 444 380 382 422 444 454 447 392 314 254 234 251 293 272 232 224 262 243 218 267 403 535 517 505 394 297
273 376 482 436 389 241 280 378 503 534 531 521 520 440 301 356 494 511 491 432 444 367 214 310 477 409 253 191 188 190 222 261 200 239 304 388 455 451 303 264 392 422 308 196 191 186 187 187 200 219 227 217 198 208 223 185 212 337 446 461 461 456 461 463 460 462 467 460 461 458 454 441 394 432 445 457 457 342 314 268 231 261 283 231 228 262 220 219 322 489 542 523 476 442 403 260
284 315 325 260 232 242 378 494 534 531 523 491 514 445 357 279 352 474 509 496 496 403 236 271 430 472 323 255 233 191 189 209 196 190 229 388 432 373 277 205 242 364 312 206 188 185 183 193 204 212 211 200 212 235 199 185 264 338 410 467 453 456 458 447 451 451 450 448 454 458 463 460 445 417 438 444 394 371 476 371 280 230 230 244 249 223 250 358 511 542 555 539 473 453 359 251
211 229 236 254 329 319 313 473 521 518 453 363 394 283 268 247 383 446 417 481 511 462 299 213 376 455 442 453 417 265 199 186 188 185 229 397 424 263 206 196 209 288 240 211 201 194 203 201 200 207 194 205 237 206 181 202 203 290 444 467 452 453 458 439 439 430 436 434 440 447 466 469 459 437 450 460 429 470 456 320 251 222 231 266 228 259 408 534 528 503 497 492 456 469 304 243
226 358 403 337 494 501 402 513 533 524 499 380 305 339 300 234 369 474 384 350 406 436 356 203 224 265 354 435 394 361 337 211 190 183 227 393 449 316 257 208 191 195 198 198 194 204 214 222 192 187 192 222 200 181 180 183 204 368 456 451 445 447 445 431 422 413 432 448 454 451 454 466 458 444 450 471 491 489 334 265 228 223 232 232 258 412 548 538 507 482 461 454 451 397 272 245
348 471 513 437 516 529 513 530 538 533 520 469 469 505 458 324 259 339 395 310 239 363 390 338 268 204 213 293 248 289 416 339 320 217 186 274 362 282 285 203 188 188 193 193 207 223 228 207 188 185 189 182 206 246 237 187 200 349 415 434 431 437 430 417 408 416 427 447 468 475 479 468 470 453 464 487 498 393 268 233 227 230 214 235 391 561 558 558 536 471 498 464 500 390 306 257
372 488 532 525 525 523 523 526 520 523 510 511 504 487 458 391 314 217 221 219 202 296 378 371 416 311 191 196 195 233 396 414 402 271 183 190 211 261 356 249 188 189 194 206 222 218 204 191 189 182 182 222 326 400 273 247 200 238 312 406 418 435 418 402 432 435 429 454 483 483 470 448 474 476 477 489 437 295 240 225 231 219 226 335 537 575 563 557 495 502 523 491 548 442 291 252
277 402 520 530 523 516 513 517 509 511 480 436 388 333 310 287 295 247 216 220 192 193 203 209 251 289 279 282 246 193 235 231 221 201 184 187 260 373 315 218 187 188 202 222 228 209 188 189 182 183 194 307 442 429 400 373 229 187 225 373 418 398 371 412 418 433 455 457 466 459 446 459 466 472 477 429 307 256 226 219 218 218 270 470 589 565 532 514 525 562 556 518 574 405 282 239
374 387 516 530 513 501 520 508 498 503 501 459 417 438 416 356 443 422 332 262 258 243 277 249 193 228 230 261 291 193 188 191 191 186 183 187 204 262 208 189 185 190 214 224 212 194 183 182 182 214 329 417 451 449 443 399 291 258 221 272 406 384 344 401 425 433 437 450 440 435 434 441 456 472 419 290 250 227 223 217 223 241 396 562 587 567 554 550 559 566 562 555 592 367 278 240
507 476 508 529 511 497 517 514 480 497 496 492 504 493 445 480 514 500 490 459 442 394 484 430 257 187 185 186 188 183 194 197 188 185 185 185 183 183 184 189 190 198 214 213 193 187 182 181 221 371 454 456 448 445 439 431 410 336 248 242 278 331 413 417 428 436 418 438 420 427 446 465 474 421 289 280 251 228 222 223 243 269 451 584 587 588 586 590 579 584 541 615 512 321 253 260
516 521 500 504 494 488 510 509 457 438 500 512 519 495 475 480 491 505 510 501 485 494 496 392 272 263 304 252 225 306 356 307 190 192 192 185 184 182 181 188 192 200 207 193 186 181 183 208 356 462 455 445 438 439 426 390 350 347 253 350 404 415 417 415 426 420 412 417 423 439 451 469 460 320 285 284 236 231 231 278 398 304 482 577 596 634 603 607 588 595 565 500 354 283 248 282
