R4Research-BCEENET2021/data/bio/elev.asc
NCOLS 1249 
NROWS 465 
XLLCORNER -86.9583333333333 
YLLCORNER 33.5416666666667 
CELLSIZE 0.00833333333333333 
NODATA_value -32768 
[rows 220 to 263 of 465, columns 480 to 575 of 1249]
792 780 801 829 878 950 1059 1040 1136 1130 986 1031 1186 1008 896 855 963 933 895 883 962 1081 944 852 938 1051 974 781 738 719 746 728 722 764 779 741 706 728 708 685 676 665 662 662 658 656 639 622 646 685 676 644 629 635 640 642 657 655 664 680 826 821 825 726 799 923 957 1102 1091 1113 1093 1143 1233 1074 1036 1169 1093 995 973 923 941 916 873 806 746 760 796 677 546 509 499 480 480 478 492 507
773 800 832 873 968 1139 1261 1178 1023 1034 915 901 952 981 898 837 899 942 864 878 942 928 1009 1068 979 905 838 828 761 703 705 716 690 717 707 748 689 683 687 666 650 648 642 649 648 636 637 620 647 631 634 637 640 651 636 653 678 713 808 762 813 988 986 813 861 1048 1090 1189 1272 1247 1231 1199 1207 1229 1236 1151 1037 967 893 870 872 825 838 824 749 666 606 569 533 500 503 501 477 503 509 486
779 845 858 899 1026 1102 1096 1060 912 862 841 829 839 891 842 825 920 873 837 850 910 1027 1107 969 900 793 750 745 724 696 691 694 680 692 685 689 676 668 661 654 655 632 626 630 626 642 625 611 622 647 634 639 644 660 662 661 678 713 867 921 932 1119 1029 949 1007 1086 975 1119 1199 1150 1103 1108 1156 1202 1160 1048 968 921 938 929 878 827 800 869 932 843 769 636 568 546 567 512 487 492 524 497
806 805 811 870 985 952 921 901 859 831 816 815 815 828 823 825 860 828 838 948 1099 1162 1054 870 774 806 751 707 705 692 683 674 665 670 684 666 657 659 654 665 650 634 634 638 619 630 648 653 658 668 665 661 644 665 683 706 675 690 720 786 990 1009 935 953 877 926 842 987 989 880 911 1012 1010 1005 1008 960 912 890 1031 995 958 931 805 788 855 888 829 678 718 707 686 607 568 603 614 538
795 784 794 806 848 848 842 819 801 814 803 811 809 809 829 854 846 825 876 934 967 946 880 768 731 727 709 699 691 696 683 672 662 653 661 653 640 644 642 647 650 649 639 664 638 628 627 652 668 691 685 668 658 664 692 757 725 695 722 773 837 790 772 778 831 767 767 811 769 783 833 806 808 846 846 908 987 870 904 956 905 914 864 742 782 827 823 782 797 764 701 635 757 800 773 691
786 802 820 791 790 796 794 786 805 802 813 831 824 808 819 817 792 786 796 784 792 794 760 717 705 700 689 688 669 671 679 668 659 682 641 663 652 668 674 658 652 652 674 667 640 654 654 629 655 705 694 690 676 694 743 861 748 761 871 915 897 827 743 758 772 719 721 726 730 775 806 820 801 859 904 862 866 834 852 948 955 830 832 734 750 788 766 867 961 835 661 634 712 715 666 645
812 805 816 811 800 793 797 808 852 875 918 921 862 815 811 828 817 829 887 907 891 973 876 777 766 735 717 718 772 720 682 667 686 714 688 668 667 733 827 725 671 678 669 664 662 667 663 644 643 661 673 688 714 747 895 970 859 888 1007 930 771 793 758 724 743 728 712 748 754 742 755 785 824 939 921 849 841 804 803 836 890 820 781 763 714 726 746 850 769 707 683 694 619 568 488 554
830 881 832 853 848 817 818 863 991 1017 960 879 827 805 811 829 842 825 882 901 942 1132 1038 968 901 819 799 817 773 707 700 680 684 715 679 680 692 768 758 799 765 701 678 670 658 661 663 640 658 669 674 694 721 808 958 832 938 854 845 899 787 720 708 723 721 703 699 711 722 728 769 758 783 828 902 935 1022 890 782 779 746 749 723 759 700 734 860 925 752 681 640 633 677 539 410 541
850 897 888 898 843 835 834 920 939 881 842 832 813 817 822 838 858 865 851 921 1033 1098 909 844 805 767 745 736 750 713 700 699 694 729 719 757 697 722 789 798 710 689 659 657 640 637 633 646 670 678 687 689 710 750 854 777 861 850 780 798 781 733 705 719 722 687 719 714 697 700 721 761 846 938 949 946 1039 1050 927 776 717 661 669 686 678 835 997 956 791 782 689 663 595 445 377 426
820 837 895 942 932 929 919 1083 1036 955 854 818 821 834 856 889 919 958 868 942 1119 1108 978 854 777 763 742 704 704 693 701 731 706 739 804 737 751 801 868 724 704 669 663 644 649 669 662 668 667 683 682 682 694 760 801 744 877 859 773 792 776 723 706 691 687 684 711 750 747 704 709 744 871 1116 1211 1152 1102 1118 947 751 704 655 674 719 711 833 932 921 875 784 725 669 578 435 448 452
832 849 936 1069 1181 1153 1042 915 865 810 808 829 841 844 926 1033 984 950 873 976 1181 1050 907 818 821 812 747 730 775 722 713 762 719 759 837 919 910 849 794 728 685 667 664 701 649 660 665 676 725 735 716 726 710 763 776 729 796 757 738 791 725 699 702 682 681 686 703 721 767 773 772 788 901 1067 1123 1142 1042 1005 998 869 696 639 638 764 786 795 900 957 937 797 706 657 507 433 581 590
901 915 1062 1219 1212 1020 919 876 824 814 836 854 875 863 909 980 1095 1000 949 1092 1132 981 922 879 821 740 718 755 766 816 864 781 746 910 907 1014 940 775 730 696 685 689 722 705 659 641 648 641 670 679 682 685 703 802 780 712 727 698 728 713 701 686 680 662 686 692 695 724 803 885 975 969 905 939 998 973 911 930 909 857 680 632 719 901 920 868 868 849 833 745 651 595 441 445 671 642
902 1031 1113 1072 990 916 851 842 817 825 854 922 967 949 962 947 1092 1198 1139 1225 1141 1095 974 867 795 739 776 849 778 846 873 875 825 846 992 1018 865 757 705 717 783 826 810 717 686 659 662 655 642 669 668 677 693 779 759 711 693 690 711 693 683 673 658 672 727 786 751 725 750 919 1091 979 881 839 885 994 893 829 795 750 624 676 858 920 965 977 867 659 565 558 504 491 384 578 691 529
889 977 1034 960 875 846 833 820 822 836 837 918 1034 1049 1098 1196 1186 1287 1351 1347 1184 1019 858 785 766 846 807 916 805 853 988 1083 871 854 1002 986 852 750 782 855 866 776 760 823 750 674 689 676 631 661 667 681 681 704 729 704 690 689 676 675 656 658 702 773 797 873 850 883 930 908 1021 1004 988 974 858 780 845 785 709 632 599 698 860 909 930 1020 1001 721 578 460 390 369 381 549 539 501
1118 1273 1267 1084 912 849 838 822 846 897 847 860 860 875 942 1111 1039 1077 1258 1301 1194 1029 835 799 846 929 821 878 872 966 1124 1027 913 974 1098 929 860 849 903 850 758 741 704 725 696 677 679 686 654 640 672 679 692 697 703 695 684 671 664 654 684 812 852 771 755 760 797 894 1026 1102 1083 1182 1167 1097 1018 910 753 675 624 625 559 674 868 937 945 886 828 779 684 546 406 341 341 398 398 381
1370 1354 1194 1068 979 863 833 865 980 982 891 952 955 893 875 900 918 996 1039 1168 1202 1012 852 906 969 928 856 934 1039 1115 1149 1101 1093 1065 1023 1032 1007 1023 892 761 733 713 698 679 679 673 656 649 635 633 671 688 711 697 677 678 678 661 665 762 777 737 719 702 702 782 859 875 963 1053 1034 1090 1060 973 913 929 815 798 671 536 524 647 824 870 876 690 544 541 653 708 488 335 377 377 364 362
1306 1199 1178 1095 962 858 878 962 1095 1058 986 1042 1009 1066 914 900 903 891 975 1088 1150 1064 948 1010 1059 969 992 1123 1166 1148 1008 939 981 972 906 922 902 1016 1006 847 861 834 753 696 775 729 664 637 646 654 673 687 680 676 678 661 659 644 738 782 737 676 670 709 774 777 850 925 956 962 915 956 1010 881 847 866 776 766 624 546 589 559 491 514 563 639 519 409 412 409 402 325 374 396 372 376
1208 1117 1023 958 887 924 1005 1156 1223 1138 1059 1110 1225 1130 1062 980 1041 898 954 1034 1138 1191 1155 1180 1223 1138 1157 1242 1244 1064 959 942 867 920 928 830 839 892 935 905 957 860 745 768 825 686 656 644 647 663 660 665 667 664 670 653 640 641 657 662 658 663 662 689 835 964 996 989 951 936 851 810 870 839 762 777 732 751 606 523 601 786 717 562 459 394 355 324 336 338 333 313 347 334 329 371
1318 1239 1097 958 905 984 1101 1187 1278 1231 1236 1266 1357 1303 1134 1102 1035 916 996 987 1056 1147 1274 1432 1485 1389 1338 1228 1109 1033 1008 901 868 869 844 845 791 841 863 846 868 801 723 745 756 689 665 652 639 641 644 651 647 658 645 638 635 647 655 657 664 691 752 753 782 920 930 959 934 814 809 724 747 724 723 737 738 681 603 647 600 807 903 829 834 553 398 347 376 348 337 318 317 330 300 314
1333 1188 1072 994 974 971 998 1131 1301 1427 1453 1435 1489 1417 1246 1100 1013 917 975 1102 1098 1247 1360 1457 1514 1515 1342 1183 1034 957 906 886 886 824 834 781 775 801 840 784 799 772 794 700 684 665 659 650 638 638 628 632 648 635 634 635 648 671 693 711 695 741 909 970 822 796 776 872 887 807 708 678 694 699 702 725 734 647 736 654 667 843 923 830 703 536 401 480 540 452 377 331 338 312 312 303
1452 1287 1041 931 1103 1093 971 1112 1266 1469 1660 1661 1680 1526 1377 1263 1146 951 1052 1289 1241 1156 1213 1350 1468 1453 1256 1159 1123 1105 1029 982 907 918 917 784 747 760 831 712 784 786 702 701 755 692 674 655 649 658 628 630 635 638 651 652 669 730 765 853 887 903 914 891 846 751 779 732 739 755 674 684 697 749 698 694 646 665 825 721 763 866 998 964 693 507 464 540 468 382 349 346 341 339 369 348
1212 1128 991 971 1203 1160 1008 1024 1165 1303 1444 1560 1513 1438 1396 1287 1123 972 1051 1143 1283 1365 1378 1510 1480 1458 1434 1314 1225 1179 1147 1111 1095 1002 856 787 771 725 705 704 738 803 748 676 678 664 656 660 662 654 630 632 640 647 675 687 706 732 729 860 913 857 907 909 826 747 711 716 682 679 668 682 703 727 687 671 649 687 804 794 790 880 1104 999 758 681 704 560 404 358 383 357 349 384 366 349
1196 1078 960 1092 1255 1257 1122 1031 1116 1220 1386 1478 1317 1219 1171 1140 1085 980 1091 1163 1258 1455 1517 1462 1301 1236 1294 1245 1096 1072 1032 1005 1077 1026 964 924 882 781 776 706 671 680 667 663 654 655 636 634 634 634 625 628 634 635 638 684 669 678 735 799 853 783 786 767 797 794 679 668 668 671 667 682 692 701 684 674 717 803 797 838 872 952 976 919 765 627 549 492 425 402 386 360 361 360 356 342
1280 1081 1032 1202 1383 1414 1194 1070 1286 1386 1606 1459 1356 1294 1291 1282 1162 1007 1114 1264 1387 1479 1360 1215 1109 1076 1075 1056 1014 1030 1011 987 953 966 1022 912 810 835 786 748 694 683 667 720 679 678 655 639 632 628 626 636 652 639 631 648 648 665 715 698 706 705 779 706 685 697 676 666 651 654 681 662 668 683 679 688 790 859 834 848 928 911 890 904 657 503 428 392 390 384 367 347 348 347 351 321
1254 1108 1022 1230 1360 1461 1258 1116 1216 1447 1684 1583 1556 1447 1469 1348 1208 1053 1119 1292 1406 1325 1199 1113 1016 1010 1007 1055 1075 1051 1008 997 955 890 922 872 799 762 746 758 705 677 728 700 678 669 657 642 635 632 627 639 660 667 643 628 639 650 650 660 692 719 709 699 666 659 654 666 665 664 696 675 667 669 677 690 792 837 832 851 874 851 872 909 778 544 446 400 367 362 355 354 341 334 326 322
1190 1087 1032 1072 1271 1403 1393 1229 1272 1441 1621 1739 1693 1599 1577 1420 1179 1090 1180 1274 1291 1140 1050 1015 999 992 1018 1124 1228 1111 1101 1104 973 847 801 821 863 769 703 707 747 764 752 682 659 654 646 643 642 631 629 641 660 694 673 651 639 637 643 665 702 688 672 664 653 661 664 680 712 688 663 671 676 697 673 708 791 818 811 833 797 842 805 868 722 528 441 378 357 343 345 343 335 323 337 346
1301 1195 1113 1148 1108 1264 1485 1386 1344 1521 1671 1730 1563 1500 1442 1333 1127 1158 1382 1401 1229 1059 1007 993 998 1020 1025 1160 1211 1078 997 1036 905 857 835 773 800 790 719 828 909 793 689 667 660 662 658 649 643 633 648 649 661 661 695 685 674 662 643 656 671 664 657 652 657 671 694 714 725 685 669 675 694 697 691 736 760 791 817 765 806 777 662 637 490 426 382 359 356 341 319 331 337 335 345 337
1430 1186 1313 1325 1252 1182 1266 1478 1512 1469 1638 1751 1610 1462 1370 1309 1143 1205 1410 1342 1186 1026 1010 1038 1119 1054 987 1073 1061 1040 946 1014 961 927 852 807 775 746 757 850 737 691 659 660 659 684 680 649 632 642 665 676 711 697 671 700 776 679 640 650 656 651 654 658 667 659 676 697 694 691 682 695 717 672 675 741 817 779 748 780 785 645 541 439 372 355 353 348 338 328 320 313 332 337 331 313
1449 1256 1415 1541 1473 1360 1261 1409 1575 1646 1662 1734 1642 1558 1505 1333 1195 1325 1285 1116 1027 1041 1114 1143 1136 1027 977 967 1021 1012 907 866 896 873 809 786 813 864 835 713 667 662 673 660 668 670 661 646 636 647 671 708 758 784 723 696 682 678 648 646 648 651 661 666 681 680 672 678 677 696 703 690 666 658 676 747 771 745 743 819 645 505 404 378 355 361 329 330 334 311 316 327 313 299 298 321
1480 1315 1394 1610 1646 1569 1348 1506 1647 1749 1763 1676 1606 1568 1457 1345 1260 1264 1119 1009 994 1124 1102 999 1015 1138 1082 1028 953 933 882 899 831 809 812 823 787 789 709 674 702 693 699 677 640 636 640 704 672 695 651 659 684 706 762 705 680 664 643 649 660 660 663 669 677 671 671 669 678 691 688 659 636 651 665 766 709 706 799 816 553 405 347 354 329 333 326 295 306 302 295 312 296 300 289 297
1544 1392 1457 1599 1712 1522 1479 1715 1710 1780 1755 1636 1584 1491 1454 1349 1333 1199 1067 996 985 1121 937 893 919 985 1154 1150 1038 992 939 945 902 885 924 796 746 698 682 692 686 677 663 651 639 640 694 781 718 728 723 716 661 666 694 748 699 661 651 647 639 642 643 652 659 655 659 656 667 681 678 666 640 654 625 675 681 756 825 719 514 451 367 328 322 312 307 319 342 326 309 309 301 314 305 294
1564 1503 1487 1647 1701 1506 1530 1694 1711 1776 1716 1607 1572 1538 1466 1355 1184 1048 972 926 939 1018 1020 899 837 873 1036 1082 1077 942 887 898 843 865 817 724 697 719 710 706 672 668 652 652 657 641 700 770 768 743 780 783 760 792 730 692 688 676 668 657 644 640 640 647 645 648 664 655 664 679 695 708 647 605 602 638 698 792 811 739 681 463 367 347 320 319 341 350 341 327 320 320 317 325 322 310
1576 1578 1599 1686 1687 1546 1608 1720 1764 1735 1636 1554 1427 1357 1298 1270 1068 1022 969 944 894 892 916 980 832 796 892 995 951 889 819 920 908 815 744 695 717 702 668 668 670 654 654 662 645 635 666 679 700 731 744 837 890 882 837 770 693 684 657 648 639 646 642 648 651 661 663 663 666 673 685 687 649 608 663 713 745 769 704 660 557 393 352 324 329 341 348 344 330 334 328 326 334 328 321 314
1453 1571 1687 1769 1695 1609 1620 1665 1632 1572 1422 1319 1263 1155 1167 1067 964 976 923 1022 998 855 823 900 887 840 805 954 905 838 806 869 866 776 734 780 775 726 670 653 642 646 651 661 648 637 633 652 663 709 736 796 821 803 752 753 702 676 664 649 647 656 649 641 648 657 655 659 664 680 675 651 635 605 648 738 792 753 578 576 435 344 331 330 425 470 383 366 334 343 340 390 405 356 323 307
1358 1465 1483 1569 1663 1568 1451 1456 1406 1389 1363 1202 1076 1007 1041 974 934 905 883 904 986 857 767 798 909 883 774 853 838 852 788 800 753 763 766 736 729 750 734 680 648 674 652 650 645 661 668 652 650 698 755 827 825 779 716 690 674 661 661 649 659 655 647 651 652 646 650 665 662 661 656 629 586 643 722 678 676 697 580 441 377 385 480 472 521 521 418 379 401 418 458 559 500 368 320 315
1353 1346 1328 1409 1557 1450 1295 1296 1289 1261 1361 1327 1219 1033 918 877 866 862 814 812 775 757 808 765 771 740 719 723 746 822 793 711 704 766 732 686 747 816 792 677 645 734 737 654 714 768 748 713 694 659 698 726 772 801 746 701 677 673 665 674 681 661 657 664 665 652 655 664 666 647 635 595 569 655 645 631 633 676 547 378 338 416 530 533 530 431 447 536 655 636 613 524 424 356 348 321
1289 1292 1266 1313 1447 1306 1207 1161 1169 1194 1353 1346 1182 1018 921 907 863 826 825 802 863 812 894 865 767 863 852 745 689 711 718 684 680 698 702 699 682 795 765 645 689 790 776 731 744 774 821 811 752 682 693 729 802 766 714 701 679 664 651 697 704 675 672 673 675 663 656 649 658 622 562 578 596 539 551 635 634 545 376 382 424 544 505 525 531 514 603 772 843 821 528 387 346 330 366 330
1209 1321 1268 1299 1331 1224 1186 1087 1077 1198 1392 1376 1182 1006 957 946 922 879 899 874 935 984 1025 921 914 831 773 731 731 700 656 662 659 660 664 656 646 652 647 647 796 848 779 785 837 833 864 824 747 718 761 778 774 724 700 692 671 676 673 682 722 693 679 682 681 671 666 642 601 564 591 649 633 553 447 459 503 386 443 472 509 549 525 577 627 722 816 781 724 603 428 349 335 316 313 320
1268 1247 1208 1213 1252 1133 1128 1103 1033 1194 1275 1167 1007 1017 1019 1025 1014 919 995 1040 1043 1024 1003 898 851 849 784 785 710 665 648 647 674 654 640 637 638 640 654 692 844 883 890 884 909 945 912 809 788 756 749 754 727 719 697 676 665 679 728 783 792 714 691 688 707 710 671 614 569 609 651 627 600 564 564 425 406 521 565 578 534 569 587 660 733 737 581 459 422 393 379 368 341 319 312 299
1333 1237 1174 1307 1256 1156 1074 1040 1007 1085 1111 997 943 1020 1022 993 990 1005 1099 1070 1114 1041 939 872 798 783 778 707 670 658 644 645 658 643 660 673 661 651 642 672 784 878 877 873 842 843 814 788 795 791 770 749 710 691 665 693 703 738 744 829 753 718 712 737 730 698 638 611 596 647 632 608 574 595 638 580 613 599 606 561 578 579 589 658 628 443 386 344 380 343 346 346 328 321 311 316
1220 1152 1239 1387 1332 1288 1224 1079 954 964 956 953 932 1031 1019 980 982 1053 987 1059 1006 980 891 816 773 737 703 673 658 648 640 685 704 722 786 820 749 689 641 659 713 751 735 771 728 754 742 755 753 751 714 694 677 666 694 770 824 875 846 881 838 817 824 776 716 664 636 632 597 644 613 595 644 658 642 626 628 598 598 612 616 614 604 470 394 332 329 345 413 364 330 342 336 333 346 351
1107 1199 1293 1321 1199 1105 1085 1050 969 918 921 918 926 997 1026 985 941 988 943 1097 980 880 817 768 726 689 675 659 649 641 645 660 695 744 837 840 717 662 645 649 661 667 661 675 720 739 743 781 797 820 829 847 801 803 801 916 921 908 913 869 827 802 827 759 712 670 663 630 636 659 632 654 667 665 648 628 628 622 629 615 615 642 591 372 324 311 317 305 323 332 328 333 346 349 339 349
1173 1232 1240 1164 1031 996 958 945 921 924 890 897 901 987 1029 980 959 879 873 930 923 842 823 719 692 673 668 670 659 644 675 690 731 816 886 816 702 656 663 685 731 731 760 741 777 814 860 936 927 1043 1059 932 947 932 904 929 903 831 871 828 763 705 717 665 647 644 643 682 737 716 708 702 662 637 651 627 617 576 612 619 528 521 442 341 319 305 294 301 321 324 322 329 334 332 313 323
1133 1177 1106 1042 959 942 928 909 903 904 900 890 872 961 1061 1058 976 893 850 793 839 789 791 712 711 673 658 651 662 669 673 742 740 774 869 887 824 736 707 717 785 795 855 817 795 910 994 982 1009 1065 949 864 855 916 919 873 868 763 782 781 708 659 628 636 645 650 693 758 775 722 697 668 636 602 573 538 523 511 492 424 393 418 401 354 327 320 322 303 304 308 304 301 312 309 289 314
