R4Research-BCEENET2021/data/bio/elev.asc
NCOLS 1249 
NROWS 465 
XLLCORNER -86.9583333333333 
YLLCORNER 33.5416666666667 
CELLSIZE 0.00833333333333333 
NODATA_value -32768 
[rows 264 to 307 of 465, columns 768 to 863 of 1249]
176 161 169 164 164 160 158 151 153 169 190 199 193 178 163 163 177 184 183 168 148 142 152 152 164 160 154 149 147 145 137 132 139 147 141 109 98 114 127 146 165 153 139 126 124 127 121 135 139 134 109 96 108 109 106 100 94 94 89 102 88 90 81 102 101 119 127 120 118 113 111 111 105 111 87 80 76 74 107 110 109 114 103 101 86 83 93 111 131 143 161 166 147 161 154 143
170 162 155 156 159 157 151 147 169 181 185 191 190 179 160 157 172 175 171 161 147 134 140 150 160 156 145 136 145 141 137 126 130 138 117 121 111 121 126 144 162 149 137 131 124 112 113 115 125 132 116 95 91 97 104 102 91 84 86 75 83 89 94 106 119 115 123 121 115 108 107 109 95 98 76 68 74 88 93 93 103 87 92 92 77 105 94 100 111 125 137 143 144 150 143 155
170 163 153 150 150 153 148 158 176 171 187 181 174 178 173 154 149 163 169 156 151 132 135 143 153 152 147 129 135 134 118 110 109 110 126 138 127 109 127 160 152 132 127 126 126 121 105 99 114 117 102 90 77 80 96 103 102 94 80 71 97 106 107 106 123 124 128 117 112 95 105 95 86 77 66 66 75 85 88 89 95 81 82 79 81 103 102 104 106 116 133 144 132 133 139 163
166 163 156 156 150 148 151 164 174 166 167 169 161 170 161 152 144 143 158 161 154 134 121 140 145 148 140 126 126 130 115 133 134 117 131 135 128 112 123 142 130 122 110 119 117 116 96 111 116 116 101 80 73 72 86 96 97 95 84 70 90 104 120 120 119 113 119 107 98 91 102 97 86 76 69 67 73 83 97 84 87 74 70 84 95 88 112 115 129 134 153 150 134 135 152 154
165 161 156 153 151 154 154 155 153 148 159 159 166 168 155 155 152 142 147 146 140 130 114 130 137 137 132 121 113 119 129 148 133 129 141 142 142 126 98 108 115 105 113 119 108 113 99 87 103 94 95 76 82 73 73 88 93 99 94 80 72 103 121 121 115 106 104 104 94 83 86 81 82 76 80 76 69 74 84 76 72 70 86 100 98 99 105 114 118 138 153 149 131 122 133 140
171 165 162 155 151 154 166 169 166 150 142 147 154 157 147 145 133 137 134 134 131 128 130 123 122 119 122 128 118 126 136 141 136 150 153 152 132 114 90 97 108 102 106 93 106 104 109 82 84 79 79 79 89 80 67 79 88 97 92 78 74 107 127 115 115 98 95 91 89 90 84 81 77 77 84 82 77 70 70 70 82 92 96 96 103 103 94 117 135 144 133 131 127 137 147 150
169 166 158 152 159 166 179 183 177 165 158 156 144 144 139 147 145 132 131 125 133 143 138 125 129 127 142 142 136 138 153 152 136 130 122 118 122 111 106 88 98 100 84 86 92 102 100 81 103 88 92 103 101 87 77 69 78 92 89 70 91 112 135 124 104 93 82 89 87 79 81 97 98 84 83 81 72 69 68 86 92 96 89 89 99 90 107 148 164 151 128 128 140 141 143 149
163 157 153 161 170 170 181 183 178 171 165 161 148 157 157 158 141 146 143 144 154 160 150 142 146 132 148 155 149 141 138 140 127 111 109 97 106 91 101 95 91 88 92 95 79 84 85 81 104 102 108 112 98 89 89 81 65 76 67 85 89 104 126 113 92 84 78 85 84 75 79 97 105 86 79 75 79 68 68 81 83 73 75 83 86 94 108 133 159 151 131 120 129 135 152 161
156 160 160 172 174 174 178 175 168 160 157 156 155 164 158 149 146 152 151 156 159 156 146 150 149 145 163 166 154 144 132 126 119 98 112 120 113 121 125 114 108 92 94 103 99 78 85 98 95 104 110 103 99 102 100 91 75 64 79 94 103 112 104 92 88 86 85 81 80 72 77 91 81 71 70 69 72 68 66 72 70 74 93 101 108 105 120 147 159 149 131 118 138 143 158 165
160 165 168 177 173 167 168 165 164 169 165 168 161 162 154 150 157 162 160 163 161 158 154 160 157 149 156 157 152 141 135 118 103 109 117 128 137 140 138 119 113 102 92 106 86 84 105 115 100 114 110 98 93 92 98 89 77 64 95 107 108 102 93 84 81 83 85 90 85 76 74 78 70 67 65 64 64 67 62 66 76 83 109 111 136 158 158 156 145 128 116 133 145 151 154 151
169 172 176 177 179 173 174 166 174 177 170 169 165 160 160 165 167 171 167 169 168 162 158 159 154 139 143 146 143 134 124 115 105 119 117 137 151 156 137 130 121 104 96 107 82 103 114 119 106 117 115 106 94 85 80 77 76 64 81 94 90 84 93 86 76 78 86 88 93 87 73 72 70 70 66 67 67 65 66 62 72 87 92 115 147 163 144 134 124 109 122 125 141 155 157 145
177 175 177 180 186 184 178 173 183 182 174 166 164 167 172 177 176 173 162 169 166 156 150 149 146 138 125 123 120 118 116 114 121 128 118 135 142 158 146 139 114 106 105 106 81 93 112 122 122 120 106 98 92 90 92 92 83 73 65 74 75 76 85 99 91 73 74 75 80 76 69 67 62 59 57 60 67 67 70 63 73 95 116 142 162 156 125 113 113 106 129 147 150 154 142 130
178 179 183 183 186 182 174 181 186 176 170 168 171 171 174 172 167 163 158 163 158 147 133 130 129 131 123 137 135 137 130 116 125 139 125 129 154 160 147 131 107 119 119 115 97 87 106 123 127 121 111 105 106 105 103 98 80 71 67 63 63 65 82 97 86 70 65 65 67 63 60 58 60 58 58 62 62 65 66 68 92 118 146 157 152 137 118 102 98 118 143 146 148 142 133 129
178 179 185 189 187 182 180 178 184 177 173 172 172 167 170 170 167 161 152 155 147 139 132 140 144 143 128 139 144 135 135 126 125 137 134 136 151 147 139 130 111 118 129 123 103 94 114 120 123 124 118 108 94 98 96 89 76 75 72 71 67 62 72 85 78 70 68 66 61 60 61 64 64 64 67 71 64 58 61 82 117 134 158 138 131 117 108 95 111 134 135 138 137 128 126 146
179 183 188 193 191 186 180 182 185 180 175 170 164 160 168 167 165 163 161 157 137 138 134 146 152 147 132 137 146 148 145 130 135 142 153 146 145 143 130 126 115 123 132 115 90 90 116 124 116 118 112 103 95 93 92 84 76 77 82 77 74 64 62 65 68 66 64 64 59 67 73 71 69 72 72 83 83 62 63 90 126 130 128 124 109 111 93 107 114 108 110 115 112 123 132 139
188 191 192 191 188 183 176 183 179 175 168 170 163 156 161 159 163 160 162 141 142 150 135 146 154 148 139 139 151 157 149 138 140 150 158 146 136 137 128 134 123 129 129 117 100 103 111 113 108 106 107 97 88 83 82 81 80 79 78 76 72 74 72 71 64 65 62 62 63 72 75 70 75 78 80 77 78 63 66 93 106 107 111 109 100 87 89 94 97 110 112 121 126 143 152 145
192 193 192 190 183 175 169 177 176 170 161 166 163 153 155 152 153 149 140 138 152 149 134 144 152 156 143 139 148 154 154 152 155 157 155 144 135 140 136 138 129 132 131 118 99 116 115 106 99 94 89 88 81 83 73 77 78 77 82 80 75 70 68 69 67 69 75 77 66 72 80 74 80 82 81 73 66 62 74 93 89 111 108 89 82 84 106 110 120 122 134 151 147 148 151 158
192 191 188 188 184 177 167 173 173 165 157 162 162 160 160 154 141 140 138 151 157 151 138 149 159 156 148 141 151 162 162 160 156 150 147 140 142 147 143 142 137 135 128 110 105 124 117 110 104 99 80 79 73 72 67 72 72 72 77 74 72 69 68 68 70 77 79 76 68 77 75 76 80 78 68 63 62 60 72 82 88 107 95 77 90 94 97 118 136 148 145 150 153 156 159 164
190 187 181 188 181 175 162 164 170 170 160 157 162 154 154 149 144 149 143 159 160 151 138 144 153 161 156 144 152 158 164 159 152 147 146 147 143 136 143 141 136 131 124 105 112 123 121 118 104 94 85 70 71 73 68 75 74 68 68 71 71 73 72 68 67 81 87 81 75 86 86 85 80 75 68 71 78 74 62 62 73 86 79 97 116 120 112 114 130 144 152 153 137 136 138 151
187 185 180 184 184 177 166 159 168 166 158 155 159 147 145 148 154 160 152 159 155 147 142 141 158 167 159 149 157 164 163 157 155 156 156 151 143 136 138 139 129 123 123 110 119 117 110 110 96 92 77 76 75 77 72 78 85 76 74 76 78 72 71 69 72 83 81 78 77 89 91 89 78 74 76 78 90 87 86 68 58 63 86 103 132 152 137 128 130 137 139 135 130 124 138 136
181 182 176 179 178 172 164 157 160 164 156 150 144 138 150 163 163 164 158 154 151 155 148 145 160 167 164 157 162 159 157 153 150 151 153 147 144 135 126 129 124 111 112 123 119 111 104 107 101 85 77 83 81 81 73 79 89 84 77 73 78 72 78 72 77 87 80 85 77 87 89 82 75 83 94 94 90 95 94 91 78 58 76 107 136 128 140 123 116 117 133 118 118 124 133 126
175 180 177 176 178 172 166 166 157 154 148 156 154 151 150 155 163 164 156 155 162 159 145 147 160 165 167 164 159 155 152 153 145 148 147 143 141 141 132 122 110 119 120 127 118 112 111 106 90 76 76 83 83 78 71 81 92 88 77 77 73 76 81 86 90 91 87 92 90 88 85 83 88 91 103 102 95 87 85 88 79 65 83 116 129 111 123 106 103 117 124 104 104 125 127 118
171 178 177 175 174 168 163 158 157 160 149 163 159 160 163 156 161 166 160 162 166 157 148 145 152 158 166 166 163 160 147 142 139 141 142 141 137 133 131 118 115 121 126 126 117 104 98 91 81 80 81 82 90 82 79 88 96 89 84 81 76 83 93 98 101 90 85 91 98 90 86 102 101 112 122 109 92 80 80 65 62 65 82 106 105 101 99 89 87 93 105 94 115 117 110 114
177 170 171 170 164 161 161 165 167 162 152 163 159 161 169 165 166 167 169 164 164 158 153 155 157 162 168 162 157 156 152 143 136 133 131 136 132 122 117 109 120 118 119 122 113 103 101 97 77 75 85 93 93 86 73 84 91 92 86 82 88 88 93 102 101 90 87 99 104 90 102 119 131 146 132 99 88 77 74 57 68 75 80 89 90 94 84 76 64 74 82 99 106 103 108 122
183 168 167 172 173 172 171 174 170 157 151 166 164 157 166 175 174 170 167 166 164 154 154 162 164 164 165 159 156 152 151 146 138 138 132 125 123 127 124 123 117 108 115 103 98 86 88 95 83 79 86 95 89 79 86 90 83 91 91 92 99 99 100 108 106 99 88 102 100 102 117 137 138 122 99 101 93 67 62 61 84 114 134 107 93 87 65 63 75 88 115 120 131 124 121 116
184 178 174 181 178 173 163 162 162 152 155 168 168 159 168 176 178 170 164 158 158 158 164 168 169 165 159 161 155 154 147 146 139 128 122 125 131 127 118 114 106 94 94 84 76 74 89 94 81 86 93 96 88 82 86 94 86 92 98 101 106 104 118 122 110 100 90 103 102 112 127 149 135 113 85 79 97 75 58 61 72 90 118 126 122 75 58 69 72 84 112 119 125 128 113 101
187 179 175 172 167 165 157 155 156 155 157 166 172 162 168 173 178 179 170 162 161 162 162 170 167 160 153 152 149 147 146 142 133 125 130 135 129 118 100 94 95 91 79 74 79 97 101 90 79 90 99 95 84 93 91 92 96 93 100 108 124 116 131 118 108 99 98 106 116 133 138 122 111 105 92 72 69 63 59 56 59 69 75 106 106 65 58 71 81 103 96 103 111 122 116 106
178 178 180 178 173 160 164 169 166 155 161 171 173 169 168 170 179 175 168 163 165 169 166 167 160 157 154 149 147 142 136 133 128 130 139 133 118 106 103 107 97 82 80 91 103 99 96 84 90 94 106 96 90 100 104 100 106 111 116 118 133 131 130 123 117 112 111 128 139 146 141 121 98 85 78 105 125 91 75 74 60 51 50 63 61 53 60 78 98 110 113 126 124 115 106 99
189 186 184 177 171 159 164 173 170 160 160 166 172 174 172 171 177 175 167 169 172 170 168 163 161 159 152 147 139 137 131 126 133 138 132 118 123 125 109 91 85 93 104 106 86 94 94 85 97 107 106 89 87 95 109 110 122 131 137 129 130 126 117 120 115 119 132 135 141 126 112 108 130 117 119 135 129 100 86 89 82 66 56 45 52 87 88 74 92 106 104 112 103 108 99 92
184 180 187 184 177 159 164 176 172 164 167 172 171 173 179 178 179 177 173 173 173 166 163 160 160 158 152 143 139 129 129 137 141 137 115 111 119 100 88 86 97 120 108 93 91 102 100 101 99 114 100 91 99 100 106 115 130 152 135 122 117 118 117 113 105 116 134 144 146 140 124 140 143 139 147 138 129 105 84 71 77 75 61 47 70 104 117 102 91 95 106 109 96 99 91 82
186 174 180 172 164 159 169 178 176 171 171 174 178 174 174 181 177 171 168 168 167 162 156 149 154 150 139 139 133 132 133 143 143 132 120 99 99 85 91 108 113 120 102 95 94 106 105 107 111 110 105 102 96 111 116 131 147 148 153 120 107 108 112 114 103 114 119 139 146 137 138 140 142 147 147 138 132 100 88 79 67 65 48 56 91 114 111 119 101 101 101 108 94 89 89 70
183 167 172 170 174 166 172 178 180 176 178 175 179 180 176 182 176 171 165 162 160 157 152 148 146 141 143 144 141 133 137 143 138 121 106 90 85 96 107 117 110 113 108 107 111 102 110 106 117 115 108 103 96 103 121 141 136 135 138 129 132 125 107 109 105 109 130 135 125 113 116 133 136 133 129 121 110 108 109 98 79 54 46 87 105 90 103 119 107 99 92 94 96 80 79 75
173 170 178 179 174 163 169 173 181 179 185 185 182 181 184 183 175 172 165 156 155 152 153 151 149 147 149 141 135 132 139 141 135 114 95 83 91 113 118 101 103 108 116 123 111 101 114 122 129 127 115 113 107 117 129 135 132 123 133 142 144 132 136 117 96 107 119 120 110 94 119 138 143 132 126 123 117 90 93 89 72 58 49 66 75 94 112 114 97 85 88 83 83 68 75 88
176 172 183 181 170 166 173 178 188 184 189 192 189 186 186 180 173 166 162 164 160 161 157 154 149 144 144 142 136 139 142 136 127 106 87 90 99 107 108 99 108 119 124 121 107 104 109 118 132 143 130 125 133 138 123 123 138 139 123 122 136 137 128 120 97 124 120 97 97 94 120 133 137 137 140 136 124 101 80 76 70 66 70 47 75 99 110 96 67 77 83 76 61 70 79 77
173 181 188 177 171 174 173 180 188 192 195 197 191 191 183 177 172 169 172 167 166 163 160 156 151 145 137 136 135 143 138 118 106 98 88 88 99 102 111 105 106 116 117 122 109 105 119 123 130 148 154 143 148 146 139 125 126 130 137 123 115 132 116 113 90 108 118 104 93 87 99 111 125 132 127 134 135 128 103 77 74 63 70 57 53 87 93 87 79 65 67 58 78 85 79 76
181 192 186 183 176 182 185 182 187 196 201 198 195 189 188 182 176 175 179 174 169 160 155 153 147 139 138 142 141 145 124 114 111 98 90 89 106 110 116 109 115 123 128 134 120 114 115 117 142 169 169 158 150 141 135 125 115 120 114 105 101 111 101 95 86 92 116 119 108 86 77 96 98 117 108 102 124 120 115 112 106 72 58 52 46 69 66 58 62 56 58 69 81 82 83 77
183 195 193 188 179 182 187 191 190 199 207 197 192 183 184 177 168 173 175 170 162 154 143 140 141 137 141 147 144 134 133 126 122 101 94 92 110 110 113 118 117 123 144 156 135 119 120 132 144 157 152 140 137 134 126 125 138 136 126 118 120 103 95 97 89 93 93 104 92 81 76 77 79 85 78 76 110 104 98 110 106 84 68 62 47 55 70 77 80 84 82 72 77 89 93 89
188 198 193 185 184 189 187 199 200 198 194 190 186 185 179 174 168 163 166 162 155 141 144 144 142 143 144 148 145 139 136 119 108 106 93 94 105 108 107 116 125 128 130 129 134 129 128 145 171 168 160 158 149 144 140 138 139 142 137 136 128 122 123 121 118 110 86 91 98 80 72 66 66 63 62 66 73 75 86 84 81 90 93 70 48 45 76 83 81 85 89 92 83 86 97 99
191 201 195 199 190 192 190 197 203 196 188 184 182 182 181 175 168 159 160 155 147 147 147 146 149 146 144 146 144 127 113 101 100 96 95 103 106 111 110 123 125 123 119 113 126 131 139 153 156 161 158 150 148 154 149 148 146 149 141 127 116 101 112 109 101 84 76 80 80 75 71 83 83 84 90 94 78 60 80 73 67 77 73 65 42 43 68 75 78 83 87 94 97 96 97 103
209 204 207 212 197 197 199 198 200 194 191 183 177 173 178 173 170 159 148 146 147 154 148 148 158 152 153 148 137 111 99 101 111 110 97 112 111 110 120 113 109 119 111 113 121 134 151 156 145 144 139 146 136 135 139 136 141 137 133 130 125 106 100 97 83 99 87 87 81 95 89 94 104 105 118 117 111 79 59 66 59 75 60 41 45 46 69 66 76 74 79 85 81 94 102 100
216 220 219 217 204 205 199 193 193 191 186 183 178 172 167 168 169 163 152 143 152 156 151 148 154 154 154 158 144 123 99 112 125 108 102 106 115 127 127 107 105 107 103 118 125 138 146 158 155 137 132 137 140 126 124 123 132 127 125 117 116 94 85 93 104 110 99 105 98 98 102 100 93 108 111 119 99 71 57 51 52 57 48 39 47 57 51 67 72 77 76 80 79 81 85 92
208 204 206 201 204 202 201 189 186 185 182 181 180 173 169 159 155 152 151 152 160 162 154 149 152 156 155 149 128 102 104 122 118 113 109 114 122 119 113 106 106 104 102 111 127 144 140 149 155 146 134 129 119 117 111 115 120 123 118 100 95 90 101 96 112 118 105 114 108 105 98 86 74 87 75 79 97 84 66 55 46 40 44 45 72 79 65 64 73 80 74 88 92 96 99 100
206 198 197 194 195 197 198 194 191 184 178 179 180 178 170 158 151 154 161 159 162 164 154 150 150 153 146 124 107 103 120 125 119 117 113 124 118 110 107 111 107 101 99 122 142 138 141 134 139 138 140 136 132 128 124 104 103 101 101 93 96 102 110 108 105 117 113 108 99 93 90 90 71 60 56 54 55 61 52 44 42 51 72 90 92 89 65 68 62 69 84 88 96 98 98 99
197 195 188 187 197 192 189 189 184 179 176 171 168 166 163 159 155 158 165 167 168 168 155 144 146 145 126 112 108 119 134 133 124 117 125 121 111 109 104 104 102 91 91 111 127 122 125 132 131 128 128 125 118 116 111 114 114 110 114 98 105 114 110 119 119 118 109 98 99 86 75 72 63 61 86 92 63 42 41 57 62 95 82 98 107 83 69 69 68 60 65 70 83 89 83 84
